4
4
88
5
6
24
4
91
35
3
25
15
48
32
13
69
13
30
58
6
5
3
172
21
98
18
72
12
6
99
40
49
42
15
18
2
4
18
19
163
19
101
4
4
26
38
43
6
30
14
8
10
226
11
89
18
14
5
35
37
19
252
84
48
10
410
10
10
95
130
14
115
22
6
18
21
5
87
17
6
58
104
12
241
6
13
126
27
7
7
5
22
35
163
34
4
65
127
181
35
6
34
4
14
17
59
6
11
42
6
4
7
5
59
69
57
15
13
8
51
10
13
74
21
4
47
30
229
6
18
63
9
246
8
64
9
18
11
58
57
75
6
4
6
27
89
29
19
174
21
6
8
18
79
10
7
20
3
32
21
7
4
11
70
75
153
11
4
34
7
8
6
58
237
39
47
51
29
38
195
13
116
112
14
292
287
345
17
102
4
240
16
43
3
2
334
13
45
16
216
50
31
3
53
7
12
99
98
46
65
13
651
120
16
612
26
7
122
15
207
19
51
83
49
13
105
3
27
65
59
37
9
3
4
38
7
6
30
21
4
89
11
16
41
16
15
8
13
244
40
123
35
32
11
20
12
12
179
33
93
48
4
7
14
12
25
35
3
2
61
40
6
4
40
16
32
58
63
39
7
67
52
61
36
76
4
181
36
22
50
4
37
138
3
37
71
17
25
41
9
39
11
8
73
55
119
120
12
18
92
104
143
63
135
41
9
11
26
107
27
28
81
53
15
16
33
17
8
31
7
37
80
16
127
5
17
53
69
6
7
3
27
51
64
20
84
93
36
162
92
41
78
6
4
45
242
9
3
33
101
15
66
81
11
55
16
6
81
9
14
98
91
69
23
25
4
49
4
80
107
18
8
19
5
6
27
19
29
26
11
18
25
517
4
9
28
9
4
3
20
75
53
10
8
42
17
63
28
16
24
84
4
11
266
17
15
11
35
16
19
24
11
10
54
21
19
13
26
5
39
4
4
18
3
28
8
13
3
136
6
5
55
14
43
118
4
33
354
3
420
20
14
4
17
21
43
18
3
44
50
328
8
134
26
11
18
72
10
64
39
8
13
6
14
45
34
10
23
39
11
19
536
7
73
17
58
29
16
10
7
35
4
3
17
126
35
7
10
36
43
4
72
52
5
45
160
3
47
20
10
37
40
99
45
15
18
55
48
105
136
6
19
61
3
3
16
31
37
119
12
4
10
25
11
25
5
19
38
21
39
4
40
4
34
23
407
5
57
9
11
16
23
8
73
11
16
9
30
3
66
22
48
9
22
45
17
176
4
84
4
75
19
44
8
27
39
4
7
96
32
36
44
10
5
25
48
6
28
77
42
18
4
96
22
5
128
28
43
33
9
91
64
17
2
113
9
8
76
7
8
6
12
31
71
46
3
4
19
4
175
9
17
9
6
34
11
4
8
4
3
114
32
11
38
24
25
18
149
63
9
42
37
88
19
3
7
81
21
38
42
13
34
34
41
11
13
20
5
61
24
52
9
9
73
10
9
18
26
22
31
36
67
8
32
29
5
6
121
28
18
25
16
9
124
109
17
116
46
10
33
21
15
4
113
19
5
7
37
20
187
5
6
36
3
25
51
24
22
15
47
29
32
30
53
10
49
9
5
55
46
7
81
54
37
28
47
20
211
73
22
8
209
60
48
21
7
11
13
3
39
69
32
4
14
15
3
5
8
19
52
73
7
18
56
44
6
8
45
9
11
6
4
297
21
5
37
12
36
75
22
20
127
42
62
881
6
10
33
5
13
14
3
15
59
65
71
44
32
62
80
13
44
52
139
15
5
18
9
4
24
5
27
36
51
38
21
3
4
59
21
15
3
59
4
52
13
23
13
16
9
14
18
12
42
5
22
15
4
27
33
38
8
5
79
19
64
2
10
7
8
8
153
17
5
174
19
14
98
30
26
19
6
24
12
28
9
45
3
8
71
15
17
54
60
25
58
15
7
25
22
86
14
4
4
17
34
11
79
79
37
3
55
14
10
4
15
31
29
15
69
27
3
10
67
36
25
40
18
12
18
38
14
17
34
12
11
4
53
3
78
18
3
12
134
12
8
62
10
11
6
7
175
108
16
105
94
59
12
21
49
62
89
19
58
13
40
12
60
74
4
22
73
74
78
66
97
34
19
14
51
35
8
48
6
5
23
31
12
39
10
62
5
67
34
68
57
69
7
90
11
38
11
35
4
14
5
4
7
15
10
3
386
6
10
5
7
61
25
24
13
3
9
3
19
7
7
57
168
4
11
22
7
13
75
14
39
15
56
239
58
83
6
5
15
51
57
18
89
24
16
14
35
28
9
4
62
84
2
15
15
167
11
209
3
38
36
61
14
12
66
50
3
3
16
36
7
23
12
40
51
43
11
48
68
10
4
51
21
34
27
10
18
34
3
53
15
22
69
11
25
18
23
60
136
10
181
16
4
4
78
62
36
17
107
36
7
102
135
26
5
39
38
16
3
167
12
9
116
41
4
11
16
5
6
8
29
12
4
5
10
8
7
4
160
87
25
4
17
82
9
47
26
21
4
7
34
20
14
34
4
36
68
68
12
5
5
8
4
13
22
15
5
36
18
23
51
918
4
8
105
4
83
19
23
89
46
96
148
8
36
15
49
11
15
15
6
4
9
33
8
111
117
20
4
15
18
97
17
48
22
16
8
20
19
9
153
25
63
3
19
37
42
9
3
339
33
18
59
4
11
15
41
80
58
18
12
49
4
87
12
16
8
14
11
11
89
3
31
121
6
62
55
5
128
31
3
12
6
3
23
22
8
42
19
68
4
17
22
14
12
42
6
38
8
33
11
10
8
60
71
40
17
11
3
72
13
28
187
13
14
35
9
56
9
6
6
9
9
4
44
176
27
17
79
62
57
15
6
168
16
10
253
23
77
57
4
7
10
26
104
10
223
86
18
8
203
63
4
6
14
16
16
16
20
10
25
16
3
10
15
19
84
11
90
42
28
63
20
74
30
18
25
33
108
135
4
67
64
64
24
42
6
70
183
34
10
58
26
145
54
34
6
4
44
3
34
30
30
4
8
10
108
45
44
6
25
32
14
25
11
66
12
12
11
5
54
96
31
40
33
156
39
37
9
6
18
25
15
3
18
62
5
22
12
117
43
6
42
56
5
104
8
224
31
17
41
12
12
93
37
33
29
12
10
6
125
29
149
47
11
20
3
16
109
13
29
23
52
3
86
57
4
91
64
217
45
9
24
14
32
10
5
4
62
106
3
3
178
10
108
3
130
19
16
5
4
6
13
9
18
40
55
21
27
8
10
4
13
36
9
14
46
49
25
6
21
39
37
7
31
30
37
155
16
31
19
4
4
4
48
18
4
4
31
8
17
42
3
20
14
12
182
14
35
38
15
37
38
10
11
103
17
50
24
5
121
172
23
47
36
7
8
45
41
4
52
19
71
6
7
31
9
33
75
37
3
29
15
74
23
18
11
62
4
40
14
16
19
15
8
14
22
48
18
11
38
55
19
16
12
14
19
5
3
4
17
123
3
10
3
4
39
11
5
33
7
18
82
3
9
50
90
5
24
248
63
6
4
37
7
24
43
56
49
181
18
7
14
6
7
4
33
78
52
30
52
13
43
8
16
30
62
21
29
10
24
13
34
5
5
14
18
49
14
16
64
119
14
17
39
15
30
196
8
9
7
5
13
16
9
6
272
43
10
16
7
40
103
137
28
9
213
9
56
131
6
4
15
8
25
4
40
44
47
9
24
13
24
268
7
63
15
4
25
57
9
23
94
83
13
8
14
10
9
71
15
5
132
19
21
13
3
73
19
17
17
74
197
10
59
4
19
7
31
4
17
6
3
4
12
59
91
50
30
38
14
31
5
14
26
39
41
48
8
91
32
107
170
51
10
16
6
37
9
10
281
43
36
21
59
26
89
5
4
32
68
11
6
70
4
3
4
12
274
8
26
4
56
18
4
11
33
38
117
34
10
79
4
168
6
54
16
105
21
36
35
7
4
7
39
58
14
32
3
6
36
6
8
4
91
166
36
39
24
154
5
70
5
5
22
227
274
5
35
3
63
14
66
47
10
36
21
22
41
40
3
32
33
36
56
17
249
12
87
8
24
42
36
5
104
30
14
40
40
254
17
115
46
254
8
27
61
62
25
110
45
4
35
12
36
124
25
10
10
76
5
4
9
34
12
8
12
40
46
62
24
19
20
47
4
146
44
37
36
39
100
8
9
16
10
23
27
222
6
52
3
13
20
10
48
3
15
7
17
24
8
5
4
44
67
17
13
21
27
36
99
11
9
16
100
122
4
22
3
86
26
321
5
3
34
138
20
18
27
21
10
3
19
33
78
4
8
6
15
8
15
42
4
24
7
11
5
125
19
4
42
47
3
4
117
32
27
2
6
7
19
22
6
42
28
2
44
85
33
124
11
36
6
6
16
5
5
35
339
4
234
34
67
6
95
31
52
51
3
23
106
61
20
6
28
3
44
10
8
54
74
12
16
4
49
6
79
50
27
7
5
14
6
14
23
112
235
46
46
7
63
47
15
20
57
7
20
7
3
7
5
67
7
6
274
33
14
106
143
3
14
43
4
20
5
58
17
85
4
19
69
42
75
12
29
11
40
14
50
4
28
3
4
9
71
20
16
6
28
49
53
5
15
53
11
8
7
38
42
44
4
8
45
7
30
11
33
14
91
30
22
76
13
129
17
6
68
16
219
6
14
19
36
49
274
35
148
80
4
3
9
160
6
46
25
51
6
33
11
14
3
3
70
16
69
25
9
75
21
25
13
5
17
39
5
9
17
149
376
52
42
27
133
11
4
4
16
111
27
5
21
42
17
39
36
49
7
124
61
77
5
76
4
11
32
15
4
33
4
9
33
131
57
15
4
105
12
8
10
6
4
19
26
69
45
80
23
3
13
6
59
76
28
61
20
17
5
51
19
17
101
15
10
5
11
17
24
182
25
8
7
8
24
254
71
6
331
11
101
7
57
4
13
10
54
49
32
45
176
11
36
4
20
142
6
68
140
31
37
77
31
24
144
59
123
39
8
15
3
8
18
52
89
6
20
32
17
9
17
6
33
82
3
69
14
31
31
61
58
26
9
5
291
23
38
19
6
5
27
9
21
15
20
317
16
63
18
10
27
5
11
47
5
9
16
22
52
27
8
4
39
9
144
5
248
184
6
64
62
113
4
47
26
30
8
69
110
90
46
77
275
247
5
5
16
26
5
61
4
54
4
3
16
4
3
4
11
93
7
16
77
16
14
24
7
55
32
61
19
75
33
181
32
3
35
157
9
113
6
24
27
28
7
40
20
5
5
6
6
38
4
7
61
10
5
19
65
86
143
10
30
7
22
134
279
17
70
101
4
109
9
41
31
246
47
7
13
8
6
26
3
8
101
40
26
106
194
86
18
96
11
4
17
61
3
3
3
57
5
19
32
107
73
15
3
64
16
16
3
4
3
9
123
3
89
24
36
29
12
57
10
13
8
5
112
11
256
19
38
69
51
274
8
8
84
9
40
164
79
23
8
20
33
100
20
153
62
33
13
3
153
25
9
19
17
59
32
26
4
118
68
85
33
106
13
134
283
55
41
56
57
162
140
18
29
4
12
8
9
186
11
35
37
9
15
8
4
28
9
264
5
49
38
15
30
26
56
61
33
37
200
8
4
17
11
66
101
3
13
17
6
32
16
3
88
58
62
31
63
15
93
9
8
5
96
7
14
23
70
37
9
7
155
4
301
71
46
4
7
4
167
112
19
4
11
10
5
11
9
5
6
18
64
80
30
31
7
62
29
14
39
53
53
17
39
8
8
23
11
64
16
6
3
4
13
13
11
16
18
27
33
38
3
77
8
24
8
34
49
3
40
76
52
9
10
13
30
3
26
43
136
32
4
109
4
17
6
37
106
6
252
4
144
10
115
16
5
10
318
7
11
5
30
9
36
14
40
24
3
35
4
14
7
104
125
68
98
12
11
6
5
16
6
8
6
15
6
38
35
14
75
8
3
9
4
3
116
10
48
10
38
17
21
17
30
8
224
7
23
30
5
21
80
19
10
42
15
27
8
8
56
5
15
7
85
8
4
55
8
11
5
5
351
30
42
3
255
6
119
24
4
12
8
11
5
60
23
23
7
6
33
39
127
16
17
14
41
49
106
17
17
28
50
3
69
175
16
58
38
17
3
173
20
18
15
12
13
34
14
31
32
46
30
13
4
55
4
3
63
276
14
13
15
5
13
32
65
97
11
26
528
8
14
117
9
43
7
25
3
7
20
10
21
52
26
287
6
13
4
82
75
11
14
5
24
12
4
98
8
36
6
14
20
61
16
51
13
146
7
19
50
55
4
82
31
19
67
17
27
10
14
9
34
47
24
225
25
79
7
71
10
15
8
21
61
86
50
33
37
30
3
33
138
9
88
7
7
16
8
25
138
7
16
34
30
4
8
15
21
46
49
22
113
32
32
86
17
40
5
110
28
59
18
19
5
4
19
4
15
4
264
6
42
25
49
16
5
138
136
33
11
4
5
40
4
11
52
60
33
22
4
40
3
277
102
9
4
70
75
44
3
17
157
2
7
8
12
17
73
60
13
7
9
11
11
5
8
10
3
158
13
44
3
8
16
6
10
7
74
9
10
48
6
17
5
8
34
91
42
3
11
15
38
61
26
229
45
53
7
7
209
4
35
7
133
48
62
4
4
37
5
7
9
5
29
8
13
3
23
84
96
8
29
3
60
17
94
20
21
72
205
4
71
20
13
148
5
43
8
4
3
50
6
20
8
37
99
18
14
47
806
4
5
41
12
29
4
63
48
22
71
21
4
9
6
15
45
11
81
41
8
39
11
7
16
9
86
54
9
4
36
21
15
11
25
13
32
296
5
18
15
73
383
26
26
38
3
41
26
29
9
31
9
47
83
63
12
7
28
8
6
45
30
47
457
8
8
9
13
12
7
13
32
16
12
29
4
2
14
9
23
20
14
69
57
7
44
6
154
6
10
6
30
21
100
26
26
3
28
5
153
5
29
14
8
31
67
42
44
111
4
44
86
49
5
42
4
22
15
38
4
6
72
4
81
61
4
108
29
3
6
18
11
4
3
80
4
18
7
139
30
159
8
5
38
5
10
23
34
10
21
7
12
87
15
25
9
30
9
4
18
57
12
10
44
14
43
15
16
19
36
31
3
74
136
40
58
7
22
194
173
16
35
27
41
4
41
20
8
32
7
3
9
70
27
59
37
48
55
14
38
68
7
5
20
11
35
25
208
7
9
6
27
6
49
8
34
18
4
195
43
3
3
147
15
53
5
6
17
48
41
13
18
9
15
20
291
38
3
69
29
82
34
56
40
97
20
8
33
23
10
5
34
10
124
114
42
26
64
3
23
3
30
4
8
13
5
82
25
4
21
14
176
17
8
5
61
4
61
3
5
59
42
50
14
26
6
66
153
6
88
40
33
14
10
11
3
58
78
58
18
85
21
81
11
4
12
11
41
47
15
71
103
222
20
42
41
3
122
20
33
41
42
14
11
12
32
3
65
38
38
3
5
14
17
5
43
11
6
71
36
14
25
20
4
3
3
43
4
14
43
21
4
15
8
12
67
172
60
18
72
46
7
8
7
12
59
12
67
4
38
33
7
140
139
60
8
6
16
33
4
4
49
33
20
4
35
28
4
37
159
31
17
125
76
4
6
32
3
16
15
14
11
10
33
37
5
10
5
12
89
95
32
37
23
7
74
80
32
189
13
11
14
18
4
10
9
22
65
49
209
47
3
4
180
44
17
69
159
14
5
42
65
18
4
42
44
44
7
12
15
12
18
16
4
7
49
16
39
10
57
40
30
19
97
27
20
4
46
35
62
12
39
159
37
30
77
17
99
54
29
30
21
5
21
49
8
27
44
6
31
50
4
184
4
24
8
112
81
79
3
6
24
75
233
174
150
26
7
67
67
55
111
16
14
422
3
21
37
4
15
6
104
20
8
4
8
4
24
29
21
74
323
38
68
25
3
132
195
33
375
4
41
14
9
251
9
21
11
5
47
24
74
6
17
13
23
37
94
10
65
18
14
4
3
9
12
39
27
31
6
35
140
18
10
115
131
62
276
13
54
14
21
17
18
40
7
9
26
16
14
46
5
30
9
79
130
4
9
57
230
17
49
9
107
33
22
77
16
5
490
29
6
12
140
4
204
3
6
3
91
121
100
41
98
15
117
86
4
138
29
143
54
6
29
9
58
4
46
29
20
7
4
39
43
38
24
16
47
78
149
23
88
68
44
35
167
12
6
69
38
45
7
32
120
166
9
97
8
4
3
10
23
10
4
12
5
64
6
15
30
24
293
49
25
86
6
40
64
15
40
41
4
33
10
14
33
62
13
159
5
77
4
22
16
25
13
27
8
11
90
97
8
4
11
6
15
28
16
4
18
6
21
23
46
27
6
37
6
21
4
8
4
83
35
12
6
62
7
11
12
36
5
10
6
86
3
10
4
3
15
14
55
10
53
4
91
6
12
4
3
4
33
141
9
163
3
57
56
10
3
140
75
108
10
12
44
2
16
88
107
13
10
13
202
11
66
4
14
8
15
16
8
66
9
133
37
81
101
5
17
3
52
90
11
107
8
4
28
88
99
10
11
9
81
5
18
5
6
3
102
281
8
56
8
145
29
6
4
17
32
39
140
11
18
48
9
23
8
77
3
8
11
12
19
3
855
29
15
73
12
60
17
4
11
27
68
112
22
34
31
4
58
7
18
4
27
26
15
14
154
26
55
13
77
8
7
55
9
18
30
3
34
47
72
29
30
15
9
52
27
51
8
19
16
4
4
3
75
30
10
397
33
38
41
31
18
44
16
12
91
25
15
50
59
29
61
16
17
57
29
40
8
9
53
51
40
53
6
13
20
15
75
4
100
22
100
75
3
29
20
58
42
47
58
7
49
8
15
19
5
10
9
67
63
31
4
16
3
15
18
11
39
20
33
9
53
4
40
46
3
38
13
19
33
41
8
123
105
12
17
49
15
8
63
5
6
143
44
85
8
4
16
16
21
16
6
6
7
50
15
8
3
28
3
17
14
79
12
9
60
30
52
178
21
8
31
36
23
25
5
30
36
18
118
3
67
186
18
68
12
3
15
175
14
14
17
4
14
18
3
27
4
51
46
34
6
23
5
31
9
49
15
12
3
39
50
8
25
4
24
2
6
13
6
14
5
14
9
7
15
11
147
149
8
10
155
7
42
52
4
13
81
27
2
10
15
52
5
6
77
15
26
11
17
43
50
10
102
34
4
14
129
110
41
60
112
6
12
27
46
16
50
53
15
4
62
28
3
60
90
12
14
8
6
4
30
138
5
3
30
7
32
33
10
64
14
15
12
52
34
15
10
6
23
6
8
40
70
6
5
21
3
85
44
5
27
70
3
5
215
55
42
78
11
29
56
5
8
38
51
7
19
6
57
6
9
5
3
26
10
11
60
7
67
15
15
185
35
5
96
44
35
58
38
273
154
19
34
20
12
369
8
10
28
41
33
23
9
16
7
11
15
88
21
14
29
8
10
53
175
35
41
9
7
60
10
96
16
18
4
12
53
28
47
5
6
3
11
15
15
25
27
3
120
15
54
6
33
5
9
3
31
28
55
28
5
71
13
304
117
36
41
53
30
12
5
14
184
4
27
20
11
18
10
5
12
38
4
6
750
24
32
6
28
16
5
18
40
25
28
63
52
4
40
18
20
95
77
4
5
3
8
6
4
11
17
14
3
165
10
18
52
9
5
62
75
11
73
20
12
21
10
62
6
14
9
9
98
3
6
28
11
11
20
86
27
11
53
48
8
29
10
64
7
6
4
81
25
19
115
19
3
52
134
5
7
36
35
78
42
103
20
7
25
86
63
50
23
3
9
9
38
124
64
21
4
6
32
107
7
71
59
12
4
17
29
3
172
10
14
79
4
4
20
36
7
18
7
78
10
20
110
5
5
16
7
18
50
46
30
18
14
116
7
12
22
10
35
3
3
37
43
120
5
44
6
63
6
26
21
18
33
43
5
13
5
7
5
27
61
10
7
9
41
17
18
10
112
7
3
22
36
179
37
6
11
111
68
38
4
52
56
176
40
20
39
9
87
64
109
79
62
54
7
33
123
3
85
9
3
37
12
52
7
32
73
9
61
37
36
20
45
45
43
75
10
39
91
13
30
9
66
125
11
7
317
26
3
82
63
11
10
9
12
4
35
29
50
29
26
52
31
25
6
9
6
127
14
73
34
274
3
15
20
39
132
18
17
47
3
57
9
6
19
12
23
64
75
36
20
7
23
3
4
65
48
13
9
37
43
95
23
38
86
8
13
46
10
5
62
14
7
12
14
22
43
9
6
58
14
51
71
20
21
162
11
86
50
124
24
3
4
25
4
13
25
8
58
7
4
9
143
139
29
32
50
3
14
13
26
151
8
34
10
10
11
51
44
16
16
50
14
34
4
107
37
16
7
26
53
50
17
4
21
37
27
3
32
12
17
47
3
188
30
39
28
69
16
22
39
16
7
60
39
7
4
8
5
13
69
22
6
64
15
8
30
7
87
17
17
24
33
32
10
23
107
8
106
5
20
64
7
13
47
2
209
127
23
25
41
91
6
24
9
83
168
10
35
32
50
40
12
143
6
19
65
68
83
11
34
13
16
168
39
12
6
30
14
31
21
12
22
96
33
39
56
16
22
71
14
35
23
77
10
11
6
4
23
33
12
32
24
170
141
19
81
116
48
18
40
9
7
10
11
10
106
68
51
4
10
67
3
18
14
66
68
96
12
9
15
63
113
6
5
165
8
70
60
51
7
8
173
40
55
51
3
18
12
45
4
12
3
8
76
186
13
169
58
18
7
63
11
34
5
43
32
4
122
21
16
28
6
37
4
35
18
54
18
113
406
3
15
4
42
31
4
4
20
4
44
14
253
12
19
35
31
76
16
70
46
60
19
9
15
26
31
15
4
16
26
31
52
3
108
34
3
65
60
6
35
15
11
6
44
72
54
14
7
11
12
77
41
127
4
20
36
19
27
68
71
174
68
33
53
22
82
7
30
5
74
19
127
25
13
14
90
33
45
119
13
11
41
79
12
3
47
63
30
31
35
3
60
82
174
12
9
13
127
61
16
31
32
19
22
5
6
44
42
9
11
20
32
16
21
11
48
13
10
15
48
26
6
17
9
217
3
40
19
7
49
11
40
85
13
87
73
62
47
64
66
53
6
32
49
65
128
58
80
17
21
45
47
3
40
9
3
3
23
128
84
12
19
84
68
28
19
19
40
6
53
5
50
4
10
24
97
93
15
40
3
20
64
8
11
4
32
3
40
27
10
113
41
56
19
19
3
20
18
59
27
45
5
227
4
36
6
34
3
4
8
24
71
8
4
44
50
14
12
55
10
23
38
90
20
8
40
9
6
109
135
45
41
66
81
85
9
86
20
130
66
169
29
58
30
110
261
36
29
18
62
74
11
7
126
32
38
61
156
132
21
6
23
62
26
103
31
104
159
43
28
91
35
31
22
70
32
31
41
23
44
33
39
28
55
22
130
24
101
73
22
52
31
35
164
33
59
59
125
95
113
62
44
48
68
123
62
68
24
21
27
118
45
35
39
23
53
175
110
314
40
54
23
31
80
32
53
40
26
47
30
128
143
204
26
902
42
58
21
28
47
25
27
45
23
81
77
22
100
60
40
39
28
27
44
39
49
132
44
61
23
39
45
28
69
47
24
58
48
25
25
22
25
48
53
66
137
23
3
27
41
30
31
25
27
25
386
28
31
25
29
173
48
25
48
41
33
79
28
26
32
29
47
45
77
90
32
124
30
165
25
43
21
43
155
33
102
46
27
30
144
29
163
40
72
45
26
141
25
164
128
84
50
48
57
53
23
98
54
75
84
27
42
76
48
23
105
69
41
45
26
57
27
225
25
24
88
74
23
73
34
23
21
47
214
70
23
252
190
33
82
37
28
49
57
66
322
50
25
42
91
29
80
73
83
23
58
147
24
58
24
28
45
53
43
28
90
26
97
38
45
65
53
39
25
24
41
117
23
176
121
28
28
53
24
32
22
25
20
29
25
53
23
89
32
29
76
24
33
30
24
191
62
46
24
33
64
27
24
99
24
31
145
56
29
27
29
46
113
95
25
23
160
41
35
40
39
57
24
58
137
107
28
63
52
26
22
65
25
67
24
191
33
29
678
72
27
76
50
29
69
71
35
104
21
21
57
53
124
23
46
25
59
175
72
63
129
27
30
51
24
32
77
50
31
46
39
31
59
95
32
39
31
54
75
83
23
44
63
108
79
218
53
22
33
24
135
112
28
47
146
82
58
39
87
38
34
29
71
24
51
56
31
145
199
27
27
110
106
46
98
74
73
90
39
45
21
49
24
27
28
40
92
36
27
27
33
33
26
65
69
28
35
469
38
62
51
42
81
28
146
70
27
26
26
88
29
26
42
150
63
98
45
50
30
25
4
63
43
41
115
62
122
29
88
127
36
81
28
23
25
32
25
41
39
26
71
93
27
40
71
29
89
30
28
149
80
25
187
90
36
35
34
27
26
26
68
79
172
214
24
56
204
22
62
36
21
29
167
56
73
67
57
61
36
31
38
91
33
58
83
118
28
145
60
40
30
21
23
69
39
164
71
76
67
125
48
49
69
25
50
70
29
28
53
23
46
87
26
23
42
44
22
100
68
39
68
33
72
84
80
40
78
43
105
28
62
28
50
97
79
34
28
33
26
89
55
72
30
72
35
135
26
22
19
22
131
32
28
34
84
31
38
194
30
57
24
22
27
83
53
84
29
37
30
32
67
34
29
33
47
68
57
176
37
28
110
26
44
51
75
81
33
103
141
78
32
24
23
35
39
34
37
27
28
44
25
60
55
33
111
43
54
31
21
57
65
24
26
56
31
149
28
48
28
25
102
39
158
57
74
108
98
67
93
39
80
27
28
22
26
24
23
320
23
21
34
48
78
101
104
26
31
55
60
45
140
24
34
34
28
53
45
26
106
47
23
25
49
38
36
52
150
22
25
52
67
36
70
33
40
48
29
25
130
29
163
88
76
72
25
105
91
25
28
78
278
36
448
43
30
39
34
47
69
58
28
75
23
99
91
79
63
63
26
65
22
54
39
88
22
27
36
27
90
48
28
28
23
595
28
33
31
57
113
65
118
39
99
111
29
27
22
23
77
32
142
73
21
41
44
40
55
43
55
119
88
28
68
56
110
23
137
75
27
93
37
49
27
51
25
27
52
49
49
34
41
43
71
25
25
61
55
28
27
38
53
80
86
32
30
63
30
22
56
23
40
86
64
99
95
48
5
22
30
22
87
109
34
40
33
38
25
147
66
40
203
44
47
99
143
38
23
32
23
28
96
48
45
25
24
62
56
90
35
40
35
26
35
246
147
139
26
48
25
58
63
69
43
261
27
26
31
22
59
43
22
49
52
29
37
21
65
62
26
27
27
25
22
41
84
82
65
117
23
30
53
130
30
68
108
23
27
68
28
72
76
42
40
107
22
24
252
40
45
328
41
37
33
86
66
69
48
60
168
69
27
86
22
28
12
32
32
60
26
66
64
89
52
39
213
159
38
45
30
40
26
30
43
30
27
140
29
46
23
81
74
23
306
29
78
31
33
110
33
23
37
33
34
45
80
160
294
52
50
24
69
111
50
148
36
27
66
232
50
75
23
30
45
34
155
79
31
49
27
29
26
74
23
25
32
56
29
22
35
45
80
27
27
26
92
26
31
25
106
60
30
32
39
24
45
34
76
23
26
105
30
67
158
28
105
82
88
38
28
39
35
50
95
29
28
26
188
35
25
59
132
176
77
23
56
50
674
22
33
105
89
47
23
27
23
47
36
28
59
60
67
23
22
207
22
53
25
25
29
37
88
29
138
99
32
87
131
56
26
189
112
29
85
150
39
47
35
30
46
86
41
39
28
23
31
37
63
46
39
33
63
45
79
81
38
32
29
32
22
85
26
30
38
73
101
28
55
39
29
48
37
58
25
66
33
56
139
47
53
48
26
175
36
32
35
105
24
40
27
122
28
31
59
128
23
29
144
49
35
37
27
32
36
66
50
100
44
133
24
28
82
35
28
116
26
25
100
183
34
28
103
149
70
35
173
50
24
80
25
93
41
117
25
44
31
39
151
511
75
29
33
87
33
30
112
30
83
104
43
82
27
75
43
27
88
55
42
128
94
46
30
61
109
42
121
118
46
133
30
85
29
33
119
73
62
33
34
34
67
30
24
88
32
28
83
34
35
48
36
21
40
24
24
76
43
24
90
28
53
26
31
27
42
33
31
31
49
23
38
22
59
70
23
86
22
82
132
56
35
29
54
41
37
22
33
21
37
98
37
24
67
34
52
39
26
78
26
40
25
64
4
64
78
26
33
27
34
30
33
24
49
33
35
25
26
27
23
65
47
51
176
20
40
95
55
26
29
65
36
22
224
47
77
28
38
40
25
45
22
74
44
28
129
85
149
49
56
30
170
51
47
75
118
61
22
23
29
27
42
29
41
58
29
52
34
341
30
30
35
23
77
31
143
24
58
110
74
31
22
44
25
70
64
105
93
26
28
333
58
28
32
128
60
36
29
144
76
42
79
70
30
32
23
24
21
50
24
57
156
95
49
25
206
85
58
37
38
39
59
82
46
24
33
85
241
37
40
53
33
70
34
86
35
92
23
34
131
31
22
27
51
27
25
29
107
33
102
57
62
31
23
27
45
177
63
33
53
21
41
55
33
37
33
33
77
60
112
45
43
46
63
26
44
126
27
219
41
6
235
53
44
40
21
48
31
78
66
185
25
23
136
41
21
33
28
76
26
43
68
44
73
112
27
28
47
73
31
61
60
53
33
33
35
25
63
38
28
33
73
23
36
25
71
115
26
39
40
30
44
31
38
120
86
34
141
55
102
70
26
25
45
41
82
25
82
52
23
125
68
144
91
28
28
31
41
31
31
25
104
46
36
28
96
57
25
39
56
67
58
27
25
54
26
46
43
28
28
31
37
26
76
121
27
119
26
22
44
32
53
28
51
121
55
78
35
30
85
296
28
25
312
87
35
29
27
38
37
29
135
248
66
91
32
65
30
174
227
42
37
41
87
94
60
41
25
109
107
22
92
160
54
49
47
32
106
65
25
27
25
52
29
25
79
31
21
51
21
85
86
161
39
208
187
55
194
46
76
81
22
31
128
49
181
30
35
51
25
137
120
37
26
137
43
34
36
78
31
24
56
174
34
87
59
38
66
51
258
70
486
134
28
25
80
21
284
22
44
47
125
36
52
62
76
40
37
104
23
58
61
184
185
32
63
104
161
53
26
173
48
42
109
28
63
98
71
23
31
30
87
77
102
25
50
28
65
30
46
61
45
23
26
42
50
129
28
21
80
32
25
23
80
45
54
45
100
206
105
34
35
24
25
68
40
90
32
29
30
186
28
28
23
51
72
30
229
24
44
31
39
496
27
58
43
37
36
35
42
62
44
23
147
45
22
38
45
54
25
194
37
150
61
68
25
159
24
27
60
155
69
28
129
33
101
24
63
63
65
26
27
103
189
24
57
25
58
26
21
27
52
151
24
86
73
42
75
23
30
76
269
122
86
26
39
140
43
108
27
76
34
121
23
89
38
23
35
28
59
28
104
98
26
97
37
26
46
130
26
25
26
56
38
32
49
43
137
70
24
116
34
25
70
79
52
65
27
25
41
41
52
47
22
454
25
133
59
34
99
83
30
23
178
38
25
26
81
27
61
77
193
55
280
69
37
86
32
25
77
24
48
26
31
23
23
24
23
26
63
125
39
50
35
52
30
23
35
31
241
28
40
27
25
30
87
54
122
28
63
28
86
43
24
22
30
27
36
54
26
40
76
67
124
31
33
29
24
33
40
136
22
98
91
47
31
32
43
22
37
30
155
104
35
29
123
54
32
55
25
89
35
155
37
56
41
27
44
43
45
21
111
35
39
120
39
40
21
87
26
49
60
61
50
30
83
33
114
29
21
39
48
49
57
125
56
35
62
26
34
48
27
28
55
85
24
39
42
28
33
28
63
53
30
61
163
112
87
100
22
26
56
64
34
53
21
33
22
27
34
40
56
43
25
29
27
33
56
41
45
68
86
28
32
65
79
43
37
31
235
45
31
27
112
45
31
28
36
41
38
123
65
108
81
23
35
39
22
30
41
23
43
69
58
54
24
24
37
35
27
38
36
69
23
24
78
67
9
34
3
28
175
25
177
74
32
135
31
42
79
88
66
144
38
52
61
45
46
43
56
47
58
67
149
28
44
57
82
62
26
31
22
25
49
63
86
45
30
26
33
44
37
33
79
58
54
26
58
117
39
27
25
65
61
25
22
26
34
26
22
145
110
52
189
28
23
27
25
25
78
43
63
91
94
92
22
26
134
109
27
64
25
63
65
57
31
39
54
106
42
37
27
35
23
66
27
71
24
23
36
122
22
84
26
203
32
73
34
60
26
37
74
25
68
28
39
44
28
45
23
23
98
172
29
25
29
183
30
35
22
34
114
42
24
29
44
27
116
58
21
29
135
27
24
67
62
30
71
21
47
23
32
147
26
76
29
221
34
80
104
58
59
24
28
26
22
83
33
57
71
34
84
36
105
59
24
38
41
212
61
247
32
74
69
24
32
56
48
49
31
34
28
118
78
39
31
50
67
21
62
31
51
31
38
38
151
39
23
22
26
83
33
58
44
55
54
39
107
118
30
30
30
111
24
64
31
55
180
32
44
59
41
93
24
36
27
109
225
53
23
14
37
27
69
75
38
42
43
56
26
131
43
30
41
20
37
23
22
240
24
228
49
25
43
33
33
48
57
60
34
86
360
42
38
70
27
27
22
26
57
36
131
23
62
21
129
24
26
26
50
22
66
48
35
37
24
31
49
59
44
119
58
76
48
48
39
71
27
37
47
42
72
88
22
71
90
144
49
90
343
29
46
86
79
36
322
38
39
139
136
115
46
53
42
36
25
47
98
45
51
46
52
128
65
67
28
116
42
73
28
28
102
170
37
35
73
47
50
37
23
55
24
94
58
90
37
26
29
87
43
32
79
59
48
110
21
25
41
72
44
48
311
36
119
31
83
52
124
157
109
21
31
55
31
74
41
32
23
29
23
82
37
116
39
35
90
99
131
66
45
70
40
33
37
43
169
45
30
35
64
27
28
36
72
85
41
115
42
159
56
119
87
39
96
67
61
27
28
21
25
42
29
28
61
25
59
198
28
35
84
48
96
128
38
26
91
57
301
52
37
59
67
66
85
31
26
54
49
86
54
42
35
29
51
58
22
34
24
214
62
22
45
44
40
26
23
81
32
22
85
25
39
46
48
27
37
123
83
38
79
80
107
115
122
100
28
139
26
43
35
31
35
99
30
88
84
162
29
40
108
305
57
26
57
35
61
24
68
53
27
27
46
30
119
26
62
75
28
39
223
47
23
59
82
25
29
37
25
98
50
34
28
131
78
153
52
42
52
26
31
64
50
60
33
43
132
30
71
42
85
108
149
35
26
40
137
93
24
35
49
23
37
63
276
59
82
81
29
43
98
31
95
72
44
26
23
108
38
97
42
40
22
26
107
58
26
92
25
60
49
50
41
70
103
32
85
47
30
38
49
26
117
80
23
45
25
25
49
29
149
52
40
29
216
40
50
119
24
94
34
27
110
46
24
26
199
159
198
35
35
37
616
60
79
24
26
44
30
72
37
24
37
25
52
34
24
69
164
56
58
71
280
131
134
41
282
59
24
80
38
21
22
56
52
159
28
36
24
34
44
33
132
27
290
151
38
162
26
173
53
46
38
131
60
46
94
88
39
135
1171
23
27
71
46
259
28
368
28
72
119
29
180
69
29
307
23
206
57
22
36
29
42
40
38
42
22
113
131
73
233
35
31
27
33
38
192
125
65
37
55
34
29
22
22
85
47
29
47
25
21
109
36
87
96
64
150
57
28
76
175
21
31
117
35
25
70
28
37
134
44
46
24
37
105
29
62
29
37
29
198
37
40
76
26
223
66
22
43
43
84
26
34
73
76
91
24
22
114
28
85
96
34
196
25
213
28
178
22
58
23
25
51
148
115
37
41
54
70
38
27
49
57
30
25
832
33
67
114
81
23
93
31
107
26
41
40
31
116
35
26
123
24
45
22
108
42
36
80
25
102
24
32
24
23
32
37
28
133
65
88
24
28
154
30
31
73
23
47
57
59
33
27
44
88
24
62
29
126
103
233
24
36
74
77
73
22
167
29
36
63
31
26
40
67
78
159
28
186
64
35
122
40
105
45
24
47
191
28
22
28
20
52
38
39
29
25
27
27
94
76
45
55
24
31
44
98
76
123
26
78
29
33
35
42
43
59
55
79
32
71
23
26
55
38
83
60
126
255
31
24
28
16
273
33
26
24
147
50
64
21
81
44
64
375
97
27
26
31
59
26
33
35
45
30
39
46
160
31
40
25
29
32
31
98
27
21
27
36
27
26
24
29
67
78
42
26
25
36
43
55
51
25
232
46
148
109
79
88
57
25
53
35
79
25
72
38
62
102
23
177
28
32
113
33
75
66
24
154
27
44
27
37
205
78
69
36
67
27
22
33
30
26
37
52
30
29
20
35
97
24
24
111
35
13
143
33
47
53
39
50
27
55
101
41
26
27
24
23
67
57
157
40
23
232
93
21
25
153
67
39
91
39
89
32
28
67
20
51
26
30
24
31
49
29
22
23
22
27
24
30
41
35
48
296
97
67
24
23
54
87
53
30
25
66
50
24
33
40
23
130
27
90
58
26
131
47
67
24
58
24
148
41
36
29
22
24
31
30
55
50
42
73
29
52
209
26
61
22
30
50
29
24
25
176
82
33
69
23
28
17
24
25
76
29
39
22
24
226
85
68
45
68
29
114
37
27
246
46
42
85
23
253
65
181
45
123
75
62
24
53
25
44
157
40
25
26
23
24
38
210
49
24
24
62
60
51
100
35
29
48
27
50
27
27
49
18
37
59
112
42
63
35
29
81
111
31
37
60
24
30
62
132
28
26
28
84
44
42
42
41
51
43
36
40
36
141
36
80
126
51
24
45
63
37
34
38
134
100
63
25
35
191
51
29
126
38
24
45
64
36
41
26
65
26
24
64
36
25
22
160
35
48
66
76
31
23
58
49
27
53
38
24
58
78
103
34
43
40
87
20
126
44
70
31
68
28
28
120
56
46
42
60
26
43
48
26
52
30
27
63
36
40
26
56
24
42
54
37
29
35
23
295
98
51
26
40
23
37
22
38
75
51
35
24
122
63
52
50
30
33
75
47
30
66
63
22
30
34
46
43
22
29
77
53
21
26
22
44
25
65
43
87
73
24
45
45
31
22
41
32
22
58
21
36
43
60
28
39
22
85
469
24
59
30
26
129
22
25
110
31
34
37
27
25
28
39
36
25
25
29
32
37
91
45
22
68
130
54
24
23
33
28
32
61
51
25
78
32
9
52
27
21
206
26
66
24
35
25
38
63
39
40
21
26
24
25
29
35
58
149
41
23
24
94
40
80
55
25
23
217
112
23
44
25
59
119
96
108
46
55
154
34
41
25
35
49
57
93
22
216
59
54
117
45
4
35
147
25
74
33
115
48
72
47
27
22
29
68
86
167
27
89
29
22
36
64
24
81
60
77
77
37
40
78
239
24
54
164
43
50
38
29
59
98
48
61
118
85
32
33
87
39
35
54
30
25
22
29
25
28
110
25
25
64
40
34
151
41
27
161
112
30
56
66
31
100
92
78
263
41
247
52
33
40
23
57
122
39
42
28
23
118
92
17
32
71
35
54
172
26
32
200
23
116
60
30
34
56
31
188
86
82
69
92
98
32
54
51
37
42
21
35
111
28
57
51
165
268
96
101
35
35
36
47
21
21
36
199
324
129
69
298
86
38
105
100
25
53
74
31
91
62
24
100
43
21
114
43
97
72
65
173
148
26
122
51
48
30
31
79
49
84
134
40
113
37
37
75
34
47
23
25
72
78
70
110
76
54
67
49
77
67
25
78
84
29
92
48
98
134
110
118
80
97
169
31
127
58
118
176
61
22
27
45
80
34
104
100
27
27
100
94
43
65
26
207
34
130
82
38
86
52
48
105
240
33
103
64
35
40
88
69
123
61
36
22
78
111
27
24
169
25
181
74
88
49
165
35
135
128
46
46
112
58
28
148
124
85
81
47
75
136
132
151
44
92
41
25
144
45
99
25
50
48
120
52
26
374
33
95
64
186
33
54
32
287
152
132
37
41
32
68
36
55
35
34
28
87
46
46
55
182
303
37
51
66
65
59
34
38
42
76
38
60
81
36
25
51
24
29
55
37
25
31
28
33
125
28
75
108
130
38
73
35
323
84
115
81
88
39
38
39
38
24
135
80
59
62
48
80
25
82
106
101
212
720
103
146
53
129
55
30
64
26
41
31
65
29
51
107
66
47
62
24
103
93
107
65
61
115
159
129
221
42
24
96
74
31
69
74
229
40
33
136
23
45
115
199
94
183
55
57
97
4
132
23
33
48
61
117
49
66
123
80
51
45
176
41
49
72
51
87
45
59
108
107
35
102
199
77
25
149
68
75
96
107
34
336
44
102
92
27
40
69
27
35
38
88
64
157
73
68
245
85
76
115
30
155
44
35
110
116
376
47
68
96
93
32
74
43
64
33
186
98
87
56
51
104
53
124
145
60
123
78
141
184
24
221
29
26
82
27
145
60
23
42
152
285
51
32
120
69
89
131
39
410
25
134
64
30
86
61
268
343
105
65
60
77
49
81
112
50
23
108
133
21
132
219
106
74
160
131
65
456
75
31
105
56
26
230
100
147
42
146
40
286
162
32
65
31
69
141
122
68
54
104
32
68
55
174
116
106
47
45
110
46
101
118
369
23
101
146
53
84
34
51
208
200
67
32
81
42
35
26
103
146
225
105
82
289
65
106
203
290
53
28
73
72
75
24
50
37
165
67
44
243
42
26
47
115
169
115
160
49
27
86
78
69
436
178
75
64
35
150
30
63
139
28
395
59
100
37
40
21
92
113
51
74
150
59
29
30
55
71
39
53
24
36
164
90
56
59
48
146
116
77
118
54
31
43
207
31
54
81
115
43
43
35
134
87
48
160
60
28
101
37
248
151
28
33
54
54
264
99
188
53
80
69
89
25
29
186
63
77
68
44
25
170
40
57
62
80
31
26
211
323
68
45
106
31
129
36
49
65
33
31
83
22
573
47
63
98
79
94
56
106
49
24
83
45
43
200
43
618
80
94
148
63
348
71
51
52
33
233
44
179
100
27
26
120
131
26
124
38
51
60
70
54
46
31
45
79
327
108
260
93
260
163
212
129
71
213
137
82
41
105
139
98
24
63
131
60
76
120
97
85
58
27
28
49
61
38
54
19
44
108
52
77
84
197
317
96
141
64
52
28
61
196
43
24
215
27
37
192
82
87
55
26
42
37
65
243
46
88
103
72
37
56
49
45
208
47
59
28
63
72
46
46
155
73
63
86
32
38
30
55
24
83
70
47
164
49
203
115
88
48
234
30
64
22
114
109
45
45
48
249
64
43
102
57
85
71
38
155
40
50
73
40
39
218
31
40
58
50
529
39
471
40
61
21
84
42
31
32
84
32
33
62
33
131
27
63
118
128
25
36
105
92
26
25
188
299
56
62
92
67
30
160
64
96
39
75
102
77
26
54
186
29
205
70
55
45
117
94
55
24
58
30
28
173
79
26
111
33
21
141
91
369
76
51
36
42
211
120
192
100
153
66
120
49
57
53
44
76
247
72
26
405
63
66
102
93
344
58
173
65
185
244
56
55
116
92
29
136
39
48
28
46
26
50
194
367
62
87
76
118
59
66
63
34
80
65
41
32
114
70
191
70
41
36
209
25
318
25
92
197
25
54
56
392
117
56
96
25
28
26
95
42
59
36
36
28
21
42
195
25
246
20
51
215
125
83
91
40
30
29
70
30
210
87
77
20
50
58
39
59
81
25
53
215
58
23
57
23
580
88
125
38
155
135
92
83
85
50
29
78
78
65
134
65
39
181
81
105
284
55
53
44
46
40
69
30
23
360
48
40
299
163
51
34
91
23
62
67
77
131
97
94
35
28
22
99
136
51
132
27
26
50
84
46
39
26
164
84
59
109
75
42
38
40
25
58
99
130
55
68
42
73
95
56
79
49
39
88
168
53
105
37
118
239
51
211
106
101
41
116
76
100
90
114
70
48
42
100
65
287
59
56
99
67
140
94
82
96
56
51
80
56
116
110
75
52
119
53
167
42
88
222
83
60
347
41
62
171
113
35
326
77
156
90
208
37
68
67
40
164
101
105
75
55
108
33
36
166
90
113
206
50
89
59
28
51
76
42
76
102
47
79
128
33
37
348
363
136
45
136
59
65
37
202
65
92
68
73
54
27
46
28
73
130
91
91
46
26
48
146
38
66
72
29
69
171
143
116
83
19
104
166
127
37
68
63
34
104
120
45
40
161
35
83
76
204
59
152
28
69
23
149
61
58
91
64
33
76
93
95
410
212
76
196
82
181
61
209
32
30
33
138
67
111
40
49
156
119
59
148
25
55
30
36
34
55
25
136
29
29
92
69
93
329
37
87
78
113
36
4
35
174
150
52
33
27
181
44
63
147
96
59
102
151
121
23
98
86
205
40
135
51
38
79
52
61
28
53
42
21
88
109
92
22
113
138
115
102
46
48
95
28
79
23
104
131
26
62
134
217
5
221
91
81
51
83
659
91
101
58
168
88
341
118
71
28
23
223
28
28
100
101
86
103
27
52
40
38
23
44
73
39
52
46
527
74
47
357
120
64
93
68
23
50
48
35
168
77
114
60
109
86
45
89
132
87
85
40
42
67
43
186
225
55
55
61
270
70
79
266
27
101
126
92
100
83
159
48
79
52
114
58
46
31
48
80
122
40
47
96
60
22
237
140
125
44
77
61
28
148
69
90
104
42
18
61
55
59
81
202
30
111
48
56
23
29
17
57
34
30
47
93
36
113
49
25
29
26
68
30
25
139
29
34
117
104
139
30
73
41
16
33
119
80
31
63
27
103
178
31
30
69
92
127
33
62
81
241
32
130
34
36
41
77
43
67
105
33
210
24
103
85
61
37
63
318
84
33
98
191
32
193
69
52
72
31
122
367
112
23
110
45
136
94
70
73
27
21
23
19
78
313
90
115
68
140
52
19
20
160
76
52
47
65
148
413
135
102
114
75
111
36
36
121
130
25
18
65
54
47
62
258
31
111
64
160
41
54
171
117
34
55
46
27
93
30
45
39
179
39
244
106
78
42
39
16
25
96
110
57
103
66
62
481
60
93
65
71
124
244
187
57
67
23
29
112
81
145
91
55
32
110
58
84
65
73
114
73
49
101
53
23
64
33
36
42
29
116
84
49
132
128
26
60
86
102
112
60
16
62
43
80
15
28
92
89
29
139
74
32
40
146
68
39
18
180
251
437
139
90
35
41
443
43
209
97
79
155
41
176
128
115
179
115
108
84
46
26
29
37
153
107
220
137
55
144
173
80
70
19
607
39
48
122
37
40
42
33
19
136
52
20
195
77
92
39
159
80
38
22
42
121
38
74
25
39
61
300
34
33
45
67
70
69
141
41
55
166
32
79
29
186
91
187
19
154
129
56
31
38
26
55
148
35
172
17
70
73
23
23
66
176
116
66
43
60
112
160
217
394
52
93
41
54
138
19
45
128
69
76
32
72
70
49
45
59
68
21
24
118
159
55
53
67
100
47
282
90
133
70
166
65
38
56
31
152
168
105
51
234
180
48
68
72
37
224
83
136
36
35
43
34
85
63
50
84
32
93
36
72
107
159
69
170
45
190
142
71
134
24
473
84
28
130
394
37
108
20
120
121
133
80
39
165
28
64
46
42
65
69
64
40
54
62
70
69
145
160
65
26
29
126
39
18
38
46
131
17
58
32
41
88
320
158
123
6
51
87
19
35
47
23
90
194
90
94
174
46
106
33
58
71
48
125
86
18
99
30
28
108
166
108
28
134
128
156
23
35
42
42
178
41
67
163
42
57
94
158
38
262
68
24
120
47
53
90
58
182
50
209
162
75
87
53
59
38
34
226
44
24
94
53
55
62
56
64
28
35
51
92
22
112
468
633
38
93
183
58
47
277
105
67
74
29
106
141
85
74
157
291
127
32
374
54
35
20
226
64
52
60
50
276
25
31
107
132
109
22
38
350
81
98
4
17
142
129
110
119
56
287
820
32
44
44
23
68
35
50
83
60
75
138
19
152
182
97
25
238
60
60
67
23
43
25
220
108
105
74
66
186
27
123
98
53
113
111
196
27
57
218
41
70
56
49
43
51
47
105
109
29
75
112
146
103
29
41
421
223
70
103
77
89
173
346
132
116
19
181
74
74
195
118
28
65
26
43
63
41
86
71
45
62
150
92
232
19
54
22
34
46
19
160
38
103
129
62
36
86
40
74
92
25
40
64
33
83
58
115
64
21
49
110
44
220
59
53
110
35
80
86
78
25
70
178
53
82
89
60
20
128
23
115
78
65
157
43
51
37
66
24
39
79
29
47
73
65
54
32
52
62
85
25
71
49
22
140
50
91
79
82
46
39
27
80
46
55
72
20
65
95
53
162
86
269
29
33
114
49
44
96
74
21
24
277
51
68
35
180
58
175
37
123
53
42
68
42
28
105
51
77
207
34
50
28
96
78
72
111
44
85
56
233
130
86
57
76
53
187
190
89
75
206
28
45
56
57
134
53
47
85
86
19
41
30
21
25
18
103
207
75
107
25
199
65
145
105
113
39
55
19
57
58
59
195
93
186
158
28
109
95
33
88
59
47
60
63
55
42
50
85
27
78
89
23
44
28
25
43
327
139
50
126
44
54
51
74
58
185
101
91
87
29
21
22
33
29
53
48
76
32
32
211
69
62
39
87
74
83
59
57
194
63
162
117
141
84
206
18
51
22
49
18
124
92
28
45
25
26
64
18
492
103
197
70
57
34
29
23
103
21
142
108
34
19
37
53
185
70
1615
47
179
31
80
204
127
37
117
36
59
70
35
98
17
47
108
73
86
95
50
20
27
30
163
33
195
212
50
107
55
47
310
10
124
47
66
55
106
56
63
12
150
66
52
62
117
91
145
30
27
57
102
91
129
97
86
22
32
36
59
295
155
159
104
56
107
40
151
296
33
518
87
45
319
26
168
111
135
45
84
68
36
139
33
24
111
35
21
28
93
79
79
67
60
160
317
206
23
75
26
85
38
53
100
91
136
73
207
92
100
27
20
241
226
169
23
89
90
49
80
72
50
53
28
47
48
74
22
38
122
145
121
249
51
88
197
146
66
156
29
92
486
44
89
63
91
40
41
74
104
33
67
64
56
86
19
79
90
979
40
39
43
74
84
94
16
248
100
38
115
120
44
45
159
19
45
73
62
47
146
15
56
34
133
51
67
41
106
51
219
128
44
52
381
110
102
13
41
126
41
198
130
183
235
36
46
93
87
106
46
110
52
26
5
59
51
233
26
233
72
35
45
16
127
31
240
73
31
27
141
26
53
26
14
323
57
105
51
181
26
47
33
91
45
115
60
40
30
30
43
55
16
116
21
119
75
123
54
69
21
28
47
284
62
28
53
43
106
81
393
61
61
37
43
123
130
147
152
25
50
17
119
66
99
48
74
41
128
60
20
45
107
157
78
98
43
109
68
47
85
55
58
42
16
69
52
88
29
56
41
23
47
58
28
145
30
168
55
106
86
68
44
26
89
84
107
299
141
206
111
127
228
49
54
147
110
132
187
51
72
105
60
80
51
108
139
80
211
57
59
54
44
90
163
23
80
572
200
63
80
99
190
114
88
62
171
152
125
14
139
128
73
179
54
117
93
134
205
