4
50
77
7
9
8
39
49
30
12
54
102
5
17
67
136
53
91
106
222
59
8
37
13
7
40
68
4
37
21
4
14
13
167
7
129
60
3
39
28
73
11
115
15
34
7
98
159
11
67
30
51
9
201
37
116
72
4
63
36
79
24
3
59
5
87
77
108
12
14
13
23
91
4
14
11
37
196
15
7
47
8
48
34
26
48
34
4
18
55
132
92
46
113
14
71
6
41
13
42
11
85
68
27
3
35
27
9
22
42
3
102
114
5
11
189
3
4
223
179
120
13
63
37
10
74
27
259
62
33
42
50
97
3
37
59
31
61
31
181
27
20
16
187
32
15
6
58
98
91
8
74
51
11
49
34
7
10
879
34
7
23
3
28
43
276
6
4
7
7
87
6
133
5
15
9
29
80
7
13
11
8
42
35
21
216
7
408
9
16
51
4
6
8
23
69
53
30
54
275
4
33
7
43
40
35
46
76
34
49
3
4
3
70
6
45
6
15
11
145
49
20
22
57
34
44
21
5
29
84
36
6
89
10
18
59
14
20
62
23
16
11
52
76
27
44
14
12
82
10
50
14
37
286
38
13
23
48
22
11
5
30
31
186
10
7
4
32
48
58
57
225
21
17
45
14
35
69
26
27
92
23
183
191
5
65
36
4
30
100
168
9
86
9
12
86
38
193
88
145
25
7
7
39
9
24
20
6
46
5
50
30
11
3
30
32
37
31
13
26
9
9
30
6
327
18
5
37
13
11
60
62
109
43
32
92
80
50
7
17
72
11
17
20
14
57
16
74
21
75
6
41
44
85
31
28
16
68
6
25
142
89
21
24
41
24
60
32
111
13
41
64
4
14
74
7
23
11
6
82
15
32
34
7
8
12
66
14
104
232
247
79
9
4
41
51
39
164
16
47
316
36
96
13
46
12
21
47
9
49
33
18
74
150
26
171
14
29
29
34
40
181
36
121
71
20
36
11
18
26
21
15
11
32
29
47
46
15
7
34
21
9
18
40
31
9
26
72
10
246
63
56
235
9
61
235
65
69
294
17
43
56
15
13
32
4
162
31
5
105
371
106
6
30
48
91
86
73
6
51
53
190
109
183
158
74
16
63
875
6
20
70
45
67
26
6
103
197
6
36
341
100
71
48
49
265
46
12
5
1140
82
811
39
7
54
173
4
212
198
81
7
3
171
4
4
28
15
334
1094
10
429
67
92
4
6
464
3
104
10
3
37
381
11
30
6
938
6
9
79
111
61
33
6
66
157
46
4
4
155
29
34
129
8
138
75
14
4
293
43
53
31
208
4
23
10
5
79
7
7
760
10
6
53
34
4
11
230
21
5
83
30
28
14
53
7
223
13
10
20
24
1173
6
13
80
56
103
38
9
10
49
19
4
274
14
11
11
11
54
7
143
45
258
16
4
48
67
66
70
124
219
32
28
68
465
73
20
6
48
71
8
10
49
7
41
83
71
134
6
47
4
119
121
152
98
7
4
4
8
222
91
64
7
56
16
306
89
107
12
108
128
60
101
5
141
6
9
13
7
19
80
4
238
37
62
130
5
4
204
18
44
31
14
38
7
29
371
39
29
4
55
4
51
27
12
70
1037
89
54
60
161
7
36
7
6
157
80
50
30
162
72
56
101
25
149
30
12
68
108
41
82
168
33
31
30
102
3
49
177
120
26
8
12
34
36
33
17
4
132
97
72
440
65
31
13
20
3
84
31
49
37
45
18
29
41
60
32
5
110
133
38
249
44
121
3
22
10
433
97
39
9
72
75
65
45
8
43
11
38
1145
4
114
31
13
7
13
255
32
205
7
75
31
53
15
80
4
36
154
9
34
65
385
4
4
74
96
70
21
50
25
28
21
32
105
48
146
70
37
29
82
364
50
197
150
45
51
90
140
45
253
35
63
107
24
36
57
173
39
197
75
35
61
103
29
123
33
55
32
34
66
51
24
58
25
77
76
71
97
79
29
39
70
31
264
48
91
74
25
54
51
23
5
43
136
80
30
78
121
21
26
43
226
120
32
67
149
59
52
47
26
58
78
50
4
51
83
45
137
41
116
33
91
79
136
38
129
48
24
25
26
298
112
25
50
23
107
166
43
44
50
51
143
103
41
28
447
46
29
265
109
24
91
108
103
129
29
32
28
188
48
29
37
27
158
137
78
539
61
46
47
23
23
28
34
70
113
26
147
197
99
42
83
60
147
150
23
31
46
89
62
103
126
61
81
60
71
41
115
25
125
48
97
98
347
881
141
542
131
35
26
36
27
60
99
161
50
29
72
85
31
120
34
58
168
111
206
29
43
49
115
35
59
55
30
50
53
42
45
147
25
34
85
185
64
33
132
124
73
75
31
28
32
98
32
46
98
63
112
27
52
138
51
50
73
97
42
48
57
32
25
174
63
49
86
121
60
29
144
288
1886
301
126
70
22
46
398
102
99
31
207
136
86
53
187
120
34
88
291
33
337
43
155
105
437
79
60
26
54
86
223
63
164
69
36
162
22
26
59
184
25
55
32
76
125
64
46
52
55
85
36
91
36
92
34
67
125
98
25
81
25
102
47
192
37
66
213
243
92
110
50
265
154
141
22
30
27
92
137
181
148
310
24
126
21
41
43
107
347
37
33
122
22
179
239
183
26
79
35
90
94
89
173
50
88
542
130
85
15
77
213
43
32
55
100
64
171
47
127
28
93
51
97
208
25
151
103
38
58
55
37
27
208
26
223
106
45
109
352
86
81
49
28
52
31
92
73
37
26
33
35
158
33
102
306
100
74
57
28
58
137
25
105
88
123
78
113
65
97
230
5
81
51
49
33
203
133
394
88
66
27
69
61
46
400
6
51
45
32
29
67
93
40
26
51
116
327
47
968
100
67
80
159
33
23
116
139
138
80
23
60
92
119
58
43
26
50
184
29
83
95
22
31
152
53
32
24
165
40
31
81
29
128
206
22
94
38
46
84
24
100
58
174
145
86
140
52
31
42
28
85
285
26
75
72
38
249
396
33
94
36
227
79
59
102
175
31
214
23
76
134
28
52
489
69
27
279
69
40
42
225
129
197
28
218
39
151
160
142
31
219
37
48
255
97
61
33
236
54
88
76
89
45
582
240
55
43
105
57
66
146
36
204
88
126
58
163
43
87
127
143
109
56
123
43
327
70
70
70
70
161
53
25
221
63
43
127
22
79
260
72
216
609
63
410
150
323
63
26
46
77
76
63
47
40
209
35
193
173
185
174
237
49
103
68
140
73
28
78
75
115
49
307
119
116
76
189
43
298
62
82
162
709
31
109
55
180
291
76
27
38
81
55
207
52
159
120
90
97
169
4
84
65
38
146
149
37
89
78
153
113
73
307
39
123
99
167
71
104
66
886
129
274
296
112
90
207
21
52
21
203
76
90
108
156
184
85
379
753
124
36
166
151
142
58
132
44
88
164
133
48
36
54
52
92
172
41
140
117
141
35
103
405
24
130
32
85
128
147
27
112
121
55
99
79
543
20
218
31
21
366
259
91
70
76
449
68
86
24
66
58
89
104
311
161
52
480
144
26
128
43
39
183
252
56
69
223
879
46
643
318
18
56
137
234
108
46
399
207
74
45
68
41
59
24
79
80
84
38
60
30
65
375
175
46
59
72
314
205
172
67
304
110
159
109
329
419
293
