1.0
1.0
1.0
1.0
1.0
1.0
1.0
0.95
1.0
1.0
1.0
0.99
1.0
1.0
0.36
0.0
1.0
0.99
1.0
0.0
1.0
1.0
1.0
1.0
1.0
1.0
1.0
1.0
1.0
1.0
1.0
1.0
1.0
0.0
1.0
0.02
1.0
1.0
1.0
1.0
1.0
1.0
1.0
1.0
1.0
1.0
1.0
0.0
1.0
1.0
1.0
0.99
1.0
0.0
1.0
0.0
1.0
1.0
1.0
0.96
0.95
1.0
1.0
1.0
1.0
1.0
1.0
0.95
1.0
1.0
1.0
1.0
0.9
1.0
1.0
1.0
1.0
0.0
1.0
1.0
1.0
1.0
1.0
1.0
1.0
1.0
1.0
1.0
1.0
0.97
1.0
1.0
0.41
1.0
1.0
0.16
1.0
1.0
1.0
1.0
1.0
1.0
1.0
1.0
1.0
1.0
1.0
1.0
1.0
1.0
1.0
1.0
1.0
1.0
1.0
1.0
1.0
1.0
0.0
0.99
1.0
1.0
1.0
1.0
1.0
1.0
1.0
0.0
1.0
1.0
1.0
1.0
0.9
1.0
0.01
1.0
1.0
1.0
1.0
0.0
1.0
1.0
1.0
0.0
1.0
1.0
1.0
0.57
1.0
1.0
1.0
1.0
1.0
1.0
1.0
0.99
1.0
1.0
0.0
1.0
1.0
1.0
1.0
1.0
1.0
0.0
1.0
1.0
1.0
1.0
1.0
1.0
0.13
1.0
1.0
1.0
1.0
1.0
1.0
1.0
1.0
1.0
1.0
1.0
1.0
0.0
1.0
0.0
1.0
1.0
1.0
1.0
1.0
1.0
1.0
0.0
1.0
1.0
1.0
1.0
1.0
1.0
1.0
1.0
1.0
1.0
1.0
1.0
1.0
1.0
1.0
1.0
1.0
0.99
1.0
1.0
1.0
1.0
1.0
0.14
1.0
1.0
1.0
1.0
1.0
1.0
1.0
1.0
1.0
1.0
1.0
1.0
0.98
1.0
1.0
1.0
1.0
1.0
1.0
1.0
1.0
1.0
1.0
0.0
1.0
1.0
1.0
1.0
0.94
1.0
1.0
1.0
1.0
0.0
1.0
1.0
1.0
1.0
1.0
1.0
1.0
1.0
1.0
1.0
1.0
1.0
1.0
1.0
1.0
1.0
1.0
0.01
1.0
1.0
1.0
1.0
1.0
1.0
1.0
1.0
0.54
1.0
0.0
0.0
1.0
0.0
1.0
1.0
1.0
1.0
0.0
1.0
0.01
1.0
1.0
0.0
1.0
1.0
1.0
1.0
1.0
1.0
1.0
1.0
1.0
1.0
1.0
1.0
0.82
1.0
0.77
1.0
1.0
1.0
1.0
1.0
1.0
1.0
1.0
1.0
1.0
1.0
1.0
1.0
0.0
1.0
1.0
1.0
1.0
1.0
1.0
1.0
0.0
1.0
1.0
0.01
1.0
0.26
1.0
1.0
1.0
1.0
1.0
1.0
1.0
1.0
1.0
1.0
1.0
0.0
1.0
1.0
1.0
0.88
1.0
0.98
1.0
1.0
1.0
1.0
0.0
0.99
1.0
1.0
0.99
1.0
1.0
1.0
0.0
1.0
1.0
1.0
1.0
1.0
1.0
1.0
1.0
1.0
1.0
1.0
1.0
0.64
0.08
1.0
1.0
1.0
0.0
1.0
1.0
0.0
1.0
0.0
1.0
1.0
1.0
1.0
1.0
0.97
1.0
1.0
0.0
1.0
0.96
1.0
1.0
1.0
1.0
1.0
1.0
1.0
1.0
1.0
0.59
1.0
1.0
0.0
1.0
1.0
1.0
1.0
1.0
0.0
1.0
0.0
1.0
1.0
1.0
1.0
1.0
1.0
1.0
1.0
1.0
1.0
1.0
1.0
1.0
1.0
1.0
1.0
1.0
1.0
1.0
1.0
1.0
1.0
1.0
1.0
1.0
0.0
1.0
1.0
0.0
1.0
1.0
1.0
0.0
1.0
0.0
1.0
1.0
1.0
1.0
1.0
1.0
1.0
1.0
1.0
1.0
0.97
1.0
0.4
1.0
1.0
1.0
0.98
0.0
1.0
1.0
0.99
1.0
1.0
0.05
0.99
0.09
1.0
1.0
1.0
0.0
1.0
1.0
1.0
0.79
1.0
1.0
1.0
1.0
0.0
1.0
1.0
0.0
0.0
1.0
1.0
1.0
0.03
0.3
1.0
1.0
0.0
1.0
0.0
1.0
1.0
1.0
0.0
1.0
1.0
1.0
1.0
1.0
1.0
1.0
1.0
1.0
1.0
1.0
0.0
0.0
1.0
0.0
1.0
1.0
1.0
1.0
0.0
1.0
1.0
1.0
1.0
1.0
0.0
1.0
1.0
1.0
0.0
1.0
1.0
1.0
1.0
1.0
1.0
1.0
1.0
0.0
1.0
1.0
1.0
1.0
1.0
1.0
1.0
1.0
0.0
1.0
1.0
1.0
0.0
1.0
1.0
1.0
0.0
1.0
1.0
1.0
1.0
1.0
1.0
1.0
0.0
1.0
1.0
1.0
1.0
1.0
1.0
0.0
1.0
1.0
0.97
1.0
1.0
1.0
1.0
1.0
0.0
1.0
1.0
1.0
1.0
0.0
1.0
1.0
1.0
1.0
1.0
1.0
1.0
1.0
1.0
1.0
1.0
0.0
1.0
1.0
1.0
1.0
1.0
1.0
0.16
1.0
0.0
1.0
1.0
1.0
1.0
1.0
0.0
1.0
0.0
1.0
1.0
0.0
0.0
1.0
1.0
1.0
1.0
0.99
1.0
1.0
1.0
1.0
0.99
1.0
1.0
0.0
1.0
1.0
1.0
0.0
0.0
1.0
0.97
1.0
1.0
1.0
1.0
0.0
0.98
1.0
1.0
1.0
1.0
0.01
0.0
0.97
1.0
0.97
0.0
1.0
0.02
1.0
0.0
1.0
1.0
1.0
1.0
1.0
1.0
1.0
0.0
1.0
0.93
0.03
1.0
1.0
0.0
1.0
0.0
1.0
1.0
1.0
1.0
1.0
0.0
0.01
1.0
1.0
1.0
1.0
1.0
1.0
1.0
1.0
0.0
0.0
1.0
1.0
0.0
1.0
1.0
1.0
1.0
0.0
1.0
1.0
1.0
0.0
0.67
0.84
0.0
1.0
0.0
1.0
1.0
1.0
0.0
1.0
0.98
0.0
1.0
1.0
1.0
0.09
1.0
1.0
0.0
0.0
1.0
1.0
1.0
1.0
1.0
1.0
1.0
1.0
0.0
1.0
0.2
0.0
0.0
1.0
1.0
1.0
1.0
0.84
1.0
1.0
1.0
1.0
1.0
1.0
1.0
1.0
1.0
1.0
1.0
1.0
1.0
0.0
1.0
1.0
1.0
1.0
1.0
0.0
0.73
1.0
1.0
0.07
1.0
1.0
1.0
1.0
1.0
1.0
1.0
0.0
1.0
0.0
1.0
1.0
1.0
1.0
0.0
1.0
1.0
1.0
1.0
1.0
0.0
1.0
1.0
1.0
1.0
0.0
1.0
1.0
1.0
0.93
1.0
1.0
1.0
1.0
0.0
1.0
1.0
1.0
1.0
1.0
1.0
0.02
1.0
0.0
1.0
1.0
1.0
0.0
0.0
1.0
0.0
0.0
1.0
1.0
0.24
0.0
1.0
0.0
1.0
0.0
0.0
0.96
1.0
1.0
0.0
1.0
0.0
0.0
1.0
1.0
0.0
1.0
1.0
1.0
1.0
1.0
1.0
0.06
1.0
1.0
1.0
1.0
0.24
1.0
1.0
1.0
1.0
0.75
1.0
1.0
1.0
0.0
1.0
0.14
0.0
1.0
0.91
1.0
1.0
1.0
1.0
1.0
0.05
1.0
0.3
0.0
1.0
1.0
1.0
0.15
0.0
1.0
1.0
0.99
1.0
1.0
1.0
1.0
1.0
0.98
1.0
1.0
1.0
1.0
1.0
1.0
1.0
0.26
1.0
1.0
1.0
1.0
1.0
1.0
1.0
1.0
1.0
1.0
0.0
1.0
1.0
1.0
1.0
1.0
0.0
1.0
1.0
1.0
1.0
0.0
0.12
0.98
1.0
0.0
1.0
0.96
0.0
1.0
1.0
0.0
1.0
1.0
1.0
1.0
1.0
1.0
0.99
1.0
1.0
1.0
1.0
0.66
0.72
0.02
0.0
1.0
1.0
1.0
1.0
1.0
1.0
1.0
0.96
0.25
1.0
1.0
0.0
1.0
1.0
1.0
1.0
0.0
0.0
1.0
1.0
1.0
0.0
1.0
0.09
0.0
1.0
0.0
1.0
0.0
1.0
0.0
1.0
1.0
0.77
1.0
1.0
0.01
0.0
0.0
0.0
0.21
1.0
0.97
1.0
1.0
1.0
0.59
1.0
1.0
0.99
1.0
1.0
1.0
0.0
1.0
1.0
0.0
1.0
0.0
1.0
1.0
1.0
0.0
1.0
1.0
0.47
1.0
1.0
1.0
1.0
1.0
0.02
1.0
1.0
1.0
0.0
0.98
1.0
0.0
1.0
1.0
0.01
1.0
1.0
1.0
0.01
1.0
1.0
0.01
1.0
0.9
1.0
1.0
0.0
1.0
0.68
0.73
1.0
1.0
0.99
1.0
1.0
1.0
0.02
1.0
1.0
0.0
0.0
1.0
1.0
0.0
0.0
0.0
0.0
0.94
1.0
1.0
1.0
0.0
0.0
0.0
1.0
0.0
0.01
1.0
1.0
0.0
1.0
1.0
0.0
0.0
1.0
0.0
0.07
0.0
0.83
0.0
0.4
0.0
1.0
1.0
0.96
0.0
1.0
0.0
0.76
0.99
0.0
1.0
1.0
1.0
1.0
1.0
0.56
1.0
0.91
1.0
1.0
0.99
1.0
1.0
0.75
1.0
0.95
1.0
0.9
1.0
1.0
1.0
1.0
1.0
0.0
1.0
1.0
1.0
0.0
1.0
1.0
0.0
0.0
1.0
0.0
1.0
0.0
1.0
0.01
1.0
1.0
1.0
0.0
0.0
0.0
1.0
0.0
1.0
0.0
1.0
1.0
1.0
0.0
0.0
1.0
0.97
0.0
1.0
0.0
0.0
0.0
1.0
0.54
1.0
1.0
0.99
1.0
0.0
1.0
1.0
0.0
0.0
0.0
1.0
0.83
0.0
1.0
1.0
1.0
1.0
1.0
0.0
1.0
0.0
1.0
0.62
1.0
1.0
0.0
1.0
1.0
0.0
1.0
0.98
1.0
1.0
1.0
0.0
1.0
0.0
1.0
1.0
1.0
0.0
1.0
1.0
1.0
1.0
1.0
1.0
0.08
0.0
1.0
1.0
1.0
1.0
0.0
1.0
0.22
0.0
1.0
0.83
1.0
1.0
1.0
1.0
1.0
1.0
1.0
1.0
0.98
0.0
1.0
0.1
0.0
1.0
1.0
1.0
1.0
1.0
1.0
0.74
0.0
1.0
1.0
1.0
1.0
0.91
1.0
0.0
1.0
0.42
1.0
1.0
1.0
1.0
0.04
1.0
1.0
0.99
1.0
0.0
1.0
0.0
1.0
0.27
1.0
0.0
1.0
1.0
1.0
0.58
1.0
1.0
1.0
1.0
0.94
1.0
1.0
0.84
1.0
1.0
0.0
1.0
0.91
1.0
1.0
1.0
1.0
1.0
1.0
1.0
0.0
1.0
1.0
1.0
1.0
0.01
0.05
1.0
0.92
1.0
0.99
1.0
1.0
0.0
0.94
0.51
0.0
0.05
0.0
1.0
1.0
1.0
1.0
0.01
0.0
1.0
1.0
0.44
1.0
0.0
0.0
1.0
0.37
0.13
0.0
0.0
1.0
0.0
0.0
0.09
0.0
1.0
0.0
0.0
1.0
1.0
0.0
1.0
1.0
0.0
1.0
0.97
1.0
0.0
1.0
0.96
1.0
0.01
1.0
1.0
0.0
1.0
1.0
0.97
1.0
1.0
0.0
0.92
0.01
1.0
0.0
1.0
0.23
1.0
1.0
0.98
0.0
0.0
1.0
1.0
0.0
1.0
1.0
1.0
0.99
0.0
0.0
1.0
1.0
0.0
1.0
1.0
0.8
0.0
0.88
0.99
0.0
1.0
0.0
0.0
0.0
0.0
0.0
0.14
1.0
1.0
0.0
0.98
1.0
1.0
1.0
1.0
0.0
0.99
0.0
0.0
1.0
0.0
1.0
0.68
0.99
1.0
1.0
0.34
1.0
1.0
0.46
1.0
1.0
1.0
0.0
0.0
0.94
0.0
0.0
0.01
0.0
0.12
0.0
1.0
1.0
0.57
0.86
1.0
1.0
0.0
0.0
1.0
0.39
0.0
1.0
0.0
1.0
1.0
0.0
0.0
1.0
0.0
0.92
0.0
0.0
1.0
1.0
1.0
1.0
1.0
0.0
1.0
0.0
0.91
0.0
0.0
0.31
1.0
1.0
0.97
1.0
1.0
0.95
1.0
1.0
0.28
0.44
1.0
0.0
0.0
1.0
0.0
1.0
0.0
0.0
0.0
1.0
0.0
0.97
0.0
0.0
0.3
0.54
0.0
1.0
0.48
1.0
0.98
1.0
0.1
1.0
0.0
0.0
1.0
0.0
0.0
0.0
1.0
0.0
0.0
0.0
0.01
0.4
1.0
1.0
0.97
0.01
1.0
1.0
1.0
1.0
0.0
0.0
1.0
0.0
0.0
0.68
1.0
0.0
0.0
1.0
0.0
1.0
0.0
1.0
0.0
1.0
1.0
0.17
1.0
0.0
1.0
0.0
1.0
0.84
1.0
1.0
0.0
0.0
0.0
0.0
0.37
0.0
1.0
1.0
1.0
0.96
1.0
0.95
1.0
1.0
1.0
1.0
0.0
0.84
1.0
0.01
1.0
1.0
0.0
0.0
1.0
0.01
0.0
0.0
1.0
0.0
0.0
1.0
1.0
1.0
0.0
1.0
1.0
0.99
0.0
0.99
1.0
0.96
0.92
1.0
1.0
1.0
1.0
1.0
1.0
1.0
1.0
0.04
0.0
0.99
1.0
1.0
1.0
1.0
0.0
0.0
0.6
0.0
0.91
0.28
0.02
0.0
0.0
0.0
