4
14
8
16
3
7
7
4
136
22
98
14
4
14
31
4
29
35
3
98
14
22
14
126
26
129
40
6
33
180
9
18
240
23
75
10
4
13
60
8
202
4
3
60
41
269
11
6
42
5
41
6
18
106
4
5
133
42
3
71
7
57
30
24
71
61
63
37
4
16
8
121
35
93
42
47
19
54
2
43
89
109
36
36
346
14
58
52
32
117
12
173
33
36
8
12
31
12
9
3
3
71
42
46
347
23
106
32
5
20
76
16
19
23
97
94
12
20
39
10
90
77
6
49
94
84
4
19
8
6
15
5
24
38
33
11
29
4
13
47
62
43
4
30
27
68
52
9
41
21
9
62
30
28
78
33
16
21
83
58
45
19
5
9
28
19
13
22
17
7
18
99
50
16
13
15
73
34
12
10
20
4
6
70
64
54
3
4
9
12
4
11
35
44
15
3
34
67
14
8
40
15
98
9
5
13
6
25
10
5
70
37
9
14
7
4
4
45
8
20
108
40
4
37
5
19
241
92
142
45
85
51
17
4
29
63
56
43
90
32
42
58
4
48
27
8
35
67
6
14
12
61
18
30
32
20
56
4
20
6
15
16
16
38
6
4
39
45
30
72
19
10
17
8
29
8
24
17
30
15
3
6
15
15
83
8
4
259
21
13
67
118
8
4
164
28
44
36
46
15
20
24
4
56
36
4
148
16
35
36
81
8
17
27
8
7
57
17
6
21
16
4
4
45
24
19
20
48
35
48
39
150
34
6
47
12
17
4
29
41
15
39
65
7
13
5
21
11
6
270
34
134
7
34
89
4
60
33
48
10
53
80
9
92
4
35
6
6
54
37
14
54
20
4
9
21
22
12
132
15
54
73
52
38
112
71
14
64
2
3
32
64
21
10
31
193
10
6
55
15
13
44
27
53
37
14
20
4
6
31
30
22
32
39
53
37
64
28
132
15
31
31
58
38
7
9
106
4
5
10
19
14
92
21
8
121
6
51
12
8
24
32
127
7
14
64
52
21
36
36
33
10
12
143
4
23
9
31
6
15
89
36
61
6
58
3
29
27
10
14
38
9
104
62
21
27
56
451
3
14
38
10
4
134
3
101
43
14
28
63
153
26
20
38
17
48
31
30
21
16
16
119
7
5
36
15
24
86
5
3
70
20
10
40
23
28
45
22
25
42
4
30
6
4
18
83
7
4
7
5
4
15
37
17
24
88
166
26
23
89
13
7
53
8
38
45
13
15
149
64
14
82
4
303
53
20
43
41
16
17
43
50
28
99
17
30
66
6
71
53
4
233
39
22
272
99
16
66
145
13
147
4
14
381
59
56
21
67
3
7
11
3
54
7
23
3
57
29
76
32
3
5
12
21
4
21
20
45
28
179
8
196
13
8
45
36
4
34
4
5
5
4
39
43
39
46
7
37
11
107
10
56
57
41
45
30
6
16
4
31
22
3
60
66
37
55
22
102
103
15
74
35
31
30
12
53
81
66
39
31
37
33
105
112
6
4
54
43
306
15
25
52
9
33
9
29
105
75
4
41
5
4
8
3
5
22
96
58
42
18
3
34
18
4
24
119
3
12
50
3
85
68
3
27
8
17
75
3
10
45
45
80
181
8
81
68
59
5
41
30
59
27
24
69
28
13
132
9
46
52
85
12
4
34
4
4
6
14
16
8
56
32
11
8
28
27
30
4
8
41
6
5
83
31
46
3
75
9
3
59
106
27
52
4
3
11
4
32
3
13
8
14
51
26
82
4
30
57
2
53
11
12
40
17
164
39
9
20
5
10
41
136
51
42
41
11
22
6
39
42
3
13
9
47
7
52
25
17
6
45
28
134
4
174
25
4
33
22
77
14
22
26
6
4
43
33
20
4
127
6
7
64
37
12
33
47
61
30
5
45
52
4
16
331
47
54
12
50
40
11
25
10
110
6
82
20
9
6
47
10
7
43
4
19
11
39
27
70
10
60
6
50
31
56
127
36
32
80
19
51
34
70
56
3
4
42
3
18
15
3
36
4
39
92
13
29
15
18
5
6
50
5
12
9
5
19
6
11
46
6
22
32
49
43
148
4
3
14
10
18
19
27
3
8
61
3
54
113
11
10
56
29
43
110
45
24
40
8
133
42
58
6
184
8
29
22
51
12
3
41
146
2
34
13
13
78
8
40
38
21
4
28
21
36
23
15
8
110
5
33
6
36
73
9
9
31
25
59
6
9
13
4
4
33
137
6
15
6
52
7
72
36
17
96
28
52
23
11
19
35
27
98
70
44
17
38
10
17
7
11
53
11
3
11
23
90
59
47
2
21
30
44
23
65
8
9
79
35
4
72
34
27
7
23
3
32
10
78
136
6
58
32
69
32
137
57
5
78
10
53
15
137
8
34
45
38
21
21
13
49
92
6
3
5
49
24
25
16
36
4
31
28
35
45
8
6
4
19
4
86
16
38
43
34
6
13
13
10
5
5
17
75
12
180
33
23
11
6
4
12
31
38
32
9
92
8
60
24
76
14
84
25
31
223
137
15
13
23
11
4
3
12
22
31
13
22
14
8
68
68
100
58
78
33
21
195
150
68
4
3
61
5
221
106
3
80
6
17
11
100
8
23
42
5
55
11
8
11
6
21
25
17
19
90
17
51
56
13
181
10
12
43
22
69
15
77
3
22
40
15
49
24
46
7
50
83
16
57
39
14
97
34
95
6
14
91
201
17
10
145
73
8
246
33
257
13
28
13
5
85
42
25
29
100
58
9
11
34
20
2
36
38
6
201
58
26
7
7
17
49
6
53
4
18
81
47
61
3
40
6
4
20
21
35
6
65
81
3
110
81
19
3
13
7
6
5
5
34
3
3
6
6
4
15
14
44
4
53
50
30
14
15
33
52
34
70
52
252
31
30
9
5
34
16
12
10
3
47
3
75
3
24
5
40
22
68
3
3
55
45
12
20
6
8
13
5
43
123
11
32
29
26
118
91
29
101
24
92
25
79
43
20
95
22
15
13
11
6
3
4
25
7
17
43
7
8
10
6
8
75
276
14
44
122
101
222
78
18
35
76
14
7
19
11
12
142
43
4
6
12
12
31
13
87
8
4
31
60
6
6
24
186
18
16
57
179
61
25
28
65
69
3
312
15
71
3
51
8
48
13
132
16
17
36
12
13
5
43
156
76
63
289
73
34
54
51
5
37
56
6
63
48
49
3
142
17
40
74
3
8
49
11
430
15
43
62
15
7
4
16
240
39
6
12
33
11
24
18
4
58
8
103
38
60
7
8
10
8
3
32
6
7
47
4
24
32
90
39
63
11
71
38
57
31
24
37
3
86
21
14
22
74
64
30
78
13
16
19
29
3
9
17
4
21
32
14
22
22
3
37
3
5
9
3
75
4
5
35
32
3
101
11
15
16
39
26
8
97
25
83
84
4
56
6
5
34
57
76
17
28
19
58
13
7
7
55
16
10
52
64
12
70
50
49
4
11
47
190
60
69
4
80
25
92
35
79
134
31
196
83
12
100
18
7
6
83
62
8
30
36
15
200
102
66
6
8
3
68
9
150
11
12
44
27
35
53
6
17
99
46
7
5
33
48
36
58
55
69
50
10
313
3
60
50
6
3
3
11
5
153
85
4
70
39
74
16
57
14
60
76
84
18
12
27
52
94
24
14
63
4
5
27
260
3
70
8
9
17
93
6
26
41
49
10
92
30
32
11
42
15
25
20
28
40
38
3
19
59
77
11
14
85
50
48
30
75
70
34
9
10
3
10
54
17
15
43
90
28
139
5
12
20
9
6
27
4
22
4
94
8
8
132
29
86
98
91
15
4
40
14
15
4
33
4
7
61
569
16
11
35
38
36
92
114
6
11
3
8
46
31
66
221
47
46
12
24
4
56
31
39
112
6
103
42
28
47
75
83
7
4
6
7
48
56
22
112
32
28
6
13
113
3
62
11
120
152
7
44
6
42
15
6
11
55
10
12
34
3
10
5
8
40
39
10
41
5
53
63
8
3
38
4
7
17
8
8
56
46
3
86
50
15
91
23
15
2
56
4
53
83
7
11
11
3
3
10
174
162
14
17
3
6
18
15
10
2
11
91
15
50
16
110
100
5
6
21
3
14
2
2
12
71
3
3
105
31
4
8
124
11
40
39
40
55
58
11
8
22
64
7
38
129
13
75
7
12
106
50
14
13
4
191
54
69
12
59
47
64
50
9
6
9
2
3
2
6
2
6
32
66
37
9
5
6
112
85
25
18
52
25
9
17
12
8
31
3
81
9
8
5
42
17
71
28
36
68
109
269
130
6
44
28
9
7
6
127
15
4
10
65
47
10
4
6
75
31
20
26
31
3
3
47
28
8
3
157
4
97
8
3
35
5
66
40
29
33
18
27
7
19
11
15
165
4
10
117
17
28
12
24
8
6
88
16
71
61
4
28
22
7
7
5
29
25
82
2
18
11
9
87
34
146
25
5
40
24
40
22
9
48
7
36
3
56
29
14
7
69
8
142
10
4
11
45
13
9
47
83
23
15
44
37
28
15
6
59
7
9
24
10
58
64
8
9
3
65
61
24
74
54
37
13
25
4
452
11
11
4
94
3
71
80
116
5
7
22
18
44
8
75
37
10
24
49
80
6
8
8
64
11
28
32
121
87
3
81
16
191
19
8
3
4
2
87
4
3
28
73
13
32
15
69
28
3
99
29
49
66
11
35
95
4
44
13
5
141
75
11
138
52
17
11
8
42
8
46
36
55
84
4
4
65
3
33
171
8
212
14
14
3
57
29
114
20
61
6
266
4
55
7
24
19
7
19
36
15
21
20
17
3
77
48
215
11
122
4
215
50
88
10
4
10
43
254
9
41
48
5
4
72
157
3
9
30
102
6
20
7
8
15
8
4
5
12
64
18
8
8
4
45
6
6
32
34
78
114
10
4
6
16
48
4
5
4
60
5
69
20
33
49
16
8
14
19
34
13
80
6
12
30
13
69
4
8
31
12
9
4
52
43
13
10
32
99
3
37
8
28
7
56
7
5
44
52
12
48
128
36
163
4
17
5
50
14
33
4
4
37
15
11
31
6
14
137
5
7
4
40
21
37
63
37
20
115
13
21
3
37
20
31
20
4
63
6
41
13
90
26
13
15
27
40
10
4
9
11
6
97
41
23
81
10
10
4
8
104
3
8
14
14
23
25
6
55
36
26
35
13
25
23
37
18
160
73
45
7
37
62
3
52
16
11
12
8
7
67
16
16
4
12
28
3
27
67
17
3
3
16
3
56
27
7
4
61
38
39
3
9
22
86
45
47
42
91
5
11
15
40
12
8
99
19
10
23
10
39
146
115
42
10
54
10
3
3
118
68
33
94
27
31
5
11
43
24
15
24
31
41
26
32
37
68
37
111
26
3
109
318
5
35
62
93
95
94
34
4
41
11
31
34
18
18
3
5
107
37
105
12
89
3
12
74
37
124
6
4
8
31
39
205
11
8
40
17
25
5
20
25
24
53
42
4
22
61
72
25
50
124
18
10
43
6
9
5
15
245
14
85
165
42
6
8
4
4
150
8
54
49
38
53
20
28
150
8
7
92
12
138
2
43
34
41
90
67
82
6
14
3
41
3
3
158
16
71
90
175
111
19
30
17
28
58
46
11
87
18
32
9
32
4
4
73
29
43
9
44
107
14
53
4
33
7
5
8
49
34
11
36
41
144
48
207
6
5
13
237
55
45
8
10
50
89
45
28
20
10
6
10
35
91
15
82
35
118
46
5
30
19
6
146
96
44
15
7
12
53
24
12
35
5
21
7
219
78
18
61
37
42
9
64
202
63
25
100
40
48
30
15
3
52
10
22
9
13
184
4
248
4
19
7
34
4
18
29
14
9
38
13
172
79
6
86
12
31
7
26
47
96
28
4
28
28
10
33
4
4
13
8
20
42
55
51
185
14
18
8
33
23
10
68
56
13
5
5
56
18
29
42
42
55
65
54
19
117
58
76
77
3
85
37
175
14
5
36
20
61
47
41
71
87
31
5
45
82
21
81
78
3
102
6
15
26
68
23
207
16
6
17
26
16
3
28
38
231
87
39
8
80
7
116
10
9
33
16
38
7
24
75
43
48
6
7
47
10
10
10
134
43
17
32
143
55
76
5
97
23
229
6
39
24
16
23
16
79
21
38
36
4
111
13
8
16
4
12
8
4
55
17
4
14
47
13
9
3
29
26
3
4
4
9
60
37
2
18
9
4
8
69
5
14
94
8
4
21
83
38
132
6
63
63
31
43
29
3
10
8
18
21
111
18
47
45
15
10
4
16
31
184
30
58
76
7
5
8
4
5
43
6
9
18
30
11
134
2
3
42
72
4
46
5
21
51
16
7
86
3
98
21
68
38
16
20
101
6
24
32
8
62
7
95
20
19
39
156
5
26
75
27
22
33
22
13
27
51
67
3
54
19
34
42
55
41
6
22
13
4
49
5
9
24
36
102
115
66
13
32
12
3
14
38
89
36
4
61
73
5
18
14
30
69
16
12
13
22
6
36
18
12
29
93
5
4
13
4
15
7
37
6
55
48
7
174
40
240
74
4
59
4
49
9
6
75
8
3
95
3
50
11
51
99
33
13
166
17
49
44
15
3
19
3
16
36
25
44
7
43
10
37
106
4
116
43
38
32
79
11
10
34
56
68
60
4
15
13
33
8
30
39
73
37
22
63
3
6
66
10
10
4
63
35
3
5
15
31
11
90
20
7
39
10
4
24
18
61
61
4
21
10
85
6
38
23
63
4
61
29
4
42
4
3
57
4
9
11
29
19
73
10
30
31
76
7
8
4
16
44
221
66
42
6
3
19
16
62
6
65
73
13
33
34
8
89
5
12
13
11
18
115
27
7
17
20
20
8
11
56
93
32
9
4
65
5
8
16
8
69
3
12
25
38
14
32
3
14
60
62
53
86
15
3
12
11
137
75
24
8
26
16
5
75
10
6
18
2
9
3
45
15
48
24
10
20
4
3
16
17
37
80
3
15
45
14
12
55
7
16
5
96
98
11
6
38
87
9
10
87
19
103
32
47
9
21
44
4
26
38
41
3
3
4
100
26
246
36
43
12
113
58
23
6
6
52
4
12
32
17
37
34
42
21
69
22
8
8
42
25
7
35
49
13
167
121
82
182
30
4
28
26
27
48
27
57
53
358
16
11
90
43
9
98
60
6
38
51
11
6
4
33
30
42
61
12
11
16
37
48
53
9
4
14
17
6
32
18
22
46
9
75
28
44
11
6
24
4
43
22
47
5
4
28
4
18
4
42
19
83
16
88
4
13
7
87
6
27
31
48
13
28
12
7
5
44
25
20
12
28
46
20
70
9
18
28
12
10
20
31
13
69
70
23
12
10
123
53
38
13
3
3
3
5
10
11
4
8
11
13
9
16
8
73
19
105
40
13
33
12
17
9
43
7
51
3
13
4
3
19
7
50
37
9
6
58
33
33
15
3
3
45
13
48
8
49
70
33
45
10
24
6
3
3
12
14
10
3
6
8
27
7
16
36
6
10
9
9
35
31
22
32
17
7
11
9
30
4
14
41
4
32
48
17
48
65
17
3
4
4
3
16
3
34
6
10
36
3
90
3
5
36
53
47
47
74
8
25
62
71
40
4
73
17
40
3
8
12
58
71
10
11
6
30
44
13
83
16
37
45
4
9
25
10
12
37
10
97
4
12
15
7
3
5
8
7
11
4
3
15
21
8
4
28
197
45
13
5
4
100
10
17
135
129
32
8
15
37
175
4
38
9
134
70
7
38
23
127
23
9
39
8
31
9
121
8
75
4
22
10
3
100
19
3
106
30
59
21
84
18
53
53
20
35
112
66
15
153
9
37
50
602
16
20
89
35
21
4
10
36
126
360
43
19
336
20
9
17
211
268
4
40
236
5
4
90
186
17
109
17
93
58
306
27
35
110
20
83
6
124
78
80
152
38
2
119
30
173
40
189
38
40
22
164
17
3
11
48
14
11
26
34
4
4
31
91
36
4
4
65
43
3
32
6
28
6
10
14
5
39
34
10
3
19
98
42
9
3
4
57
3
160
8
36
5
7
17
47
30
28
9
86
7
3
19
7
26
226
4
61
58
34
5
59
56
70
13
14
36
3
9
45
28
18
5
10
33
34
64
231
5
10
55
42
14
13
77
27
21
3
29
11
18
45
169
3
29
34
3
12
4
3
3
20
725
3
58
82
50
12
19
47
4
38
50
6
139
37
133
10
13
18
117
168
7
165
6
21
11
40
3
4
14
4
88
14
3
21
8
6
24
6
45
108
4
46
116
3
63
31
15
85
5
41
26
109
11
15
34
46
5
28
30
20
10
11
42
45
11
41
33
28
5
91
62
23
14
23
14
13
32
16
21
39
127
308
52
3
7
201
52
52
44
37
25
10
15
12
56
84
8
24
53
63
40
100
17
32
17
24
10
85
28
112
5
4
13
8
4
12
32
29
64
3
8
77
8
5
4
5
33
20
51
35
7
97
98
5
34
37
9
10
102
3
136
4
10
128
6
27
6
52
14
92
4
23
18
23
22
27
3
67
7
10
4
19
53
5
14
8
7
48
4
9
34
45
8
65
6
49
248
9
104
19
22
108
18
3
30
11
89
22
11
16
7
7
10
3
198
4
13
14
17
9
24
124
24
6
40
40
22
53
25
54
5
7
41
15
4
6
15
3
61
9
3
36
16
32
22
39
7
3
16
22
14
42
22
3
4
8
18
32
20
2
41
25
71
6
19
19
3
117
216
19
46
8
4
6
31
30
7
26
16
21
33
28
12
53
12
13
9
21
25
32
44
32
9
34
38
8
5
8
10
13
17
5
108
14
14
5
32
9
25
46
11
32
32
3
28
30
3
6
9
15
82
81
51
31
184
4
26
8
24
36
39
4
43
4
23
27
22
4
6
182
40
19
38
152
52
4
4
10
13
31
12
40
7
5
6
44
4
299
23
3
2
28
38
11
7
37
4
59
8
12
7
26
46
43
8
83
164
3
31
93
11
67
15
36
40
290
50
15
20
27
53
5
13
65
3
39
11
4
10
9
10
36
98
21
5
110
62
9
394
22
3
13
147
8
68
4
4
130
29
36
4
14
11
21
45
10
22
20
10
48
48
16
56
6
48
21
16
25
13
44
13
16
11
52
3
5
108
20
3
133
14
8
3
36
16
44
45
19
13
93
6
3
13
19
9
3
28
18
32
30
32
7
27
36
85
50
85
53
58
123
40
71
34
13
44
52
20
111
24
29
26
67
5
5
138
10
8
13
11
16
3
63
81
66
7
15
30
43
23
5
22
52
35
10
47
39
6
31
5
57
51
31
6
58
47
244
104
7
9
11
6
34
89
96
83
3
11
5
75
6
59
6
4
52
4
24
33
8
11
40
35
86
28
4
161
33
44
5
30
28
22
6
5
62
6
10
31
139
106
112
13
47
34
14
18
26
50
38
35
4
5
7
142
4
75
33
4
8
3
27
21
58
49
25
3
3
48
7
54
36
16
12
86
20
19
12
98
14
48
4
20
300
62
11
29
4
4
58
18
6
13
14
4
4
17
23
9
141
6
20
14
54
67
3
42
12
1
22
4
4
11
11
116
16
12
51
72
31
10
24
39
11
102
11
4
109
33
53
8
12
17
18
38
94
60
14
17
9
77
31
77
4
21
5
81
50
49
53
45
6
31
127
5
93
39
5
148
10
28
22
11
85
7
34
100
10
5
17
20
25
8
6
51
15
9
50
7
84
39
5
35
60
42
3
73
6
16
20
3
95
47
3
6
3
43
18
10
50
4
46
175
9
86
10
6
18
89
37
61
101
44
113
8
75
27
30
15
5
7
3
10
49
63
30
32
12
50
19
8
68
12
11
37
11
126
58
6
35
138
247
18
50
7
12
8
14
64
6
11
42
5
73
87
56
19
24
25
21
5
74
26
5
56
29
18
4
63
4
73
56
13
9
110
11
23
50
31
36
34
28
136
3
102
129
180
20
75
6
44
10
3
18
6
34
57
21
7
15
6
5
25
4
43
3
39
14
47
30
21
4
3
9
37
13
21
11
8
156
129
58
80
53
5
3
35
29
46
30
4
19
63
29
8
11
39
4
49
10
19
90
51
251
39
69
7
13
83
31
102
9
26
46
27
11
24
10
17
14
6
4
74
172
59
12
131
73
4
6
60
9
20
31
56
522
10
88
27
28
41
4
8
16
65
6
93
129
25
3
184
45
34
79
17
5
47
5
18
19
3
49
24
20
4
10
6
136
66
17
6
94
16
12
54
7
59
17
61
10
7
16
33
20
10
87
50
70
27
228
60
16
16
13
25
3
21
274
14
224
77
4
3
184
19
14
77
9
4
66
25
26
30
9
7
168
14
4
10
43
77
3
90
45
37
188
15
60
51
9
6
8
6
31
8
104
12
5
6
16
8
6
38
9
10
16
23
7
73
4
3
60
8
3
5
7
5
7
4
9
7
9
7
12
10
28
3
20
4
131
7
16
19
32
36
82
4
80
4
8
32
12
5
51
10
54
30
40
5
7
4
42
110
10
22
48
11
12
10
3
6
7
65
3
44
522
33
7
3
96
4
30
15
3
12
67
64
25
34
15
101
51
61
47
100
8
12
17
19
53
16
10
6
58
39
8
8
11
14
24
8
42
24
4
34
8
98
3
41
32
9
49
10
6
32
28
37
45
88
16
4
246
14
267
11
55
13
13
27
7
23
18
3
29
17
32
57
4
56
6
52
4
31
46
3
6
53
3
42
21
20
19
3
85
41
15
34
8
7
6
18
89
50
30
14
4
80
5
60
17
59
4
5
3
33
5
16
6
13
7
47
15
50
3
4
90
13
5
12
12
56
7
46
14
256
71
48
101
32
8
12
15
74
41
73
33
77
8
14
11
83
8
85
133
80
4
27
10
55
89
13
4
41
11
150
78
132
15
4
78
92
49
49
48
26
68
4
4
18
5
8
7
55
74
11
121
34
89
20
7
67
11
3
62
124
3
4
3
5
26
28
51
14
4
97
25
7
8
54
140
76
28
9
56
35
54
16
30
6
24
127
22
5
4
49
8
15
67
9
57
13
11
50
114
99
32
57
11
3
25
40
45
4
54
34
13
119
7
238
22
48
28
17
7
34
146
35
19
30
80
10
38
63
19
19
46
12
4
23
204
15
185
77
4
40
29
60
8
47
9
18
89
2
48
129
4
3
11
67
40
46
75
173
51
85
14
74
10
63
96
15
249
10
94
6
8
98
157
20
37
92
31
19
78
9
41
14
7
16
16
30
7
61
130
125
11
20
70
4
6
30
27
10
4
144
30
20
3
32
75
3
276
19
26
3
3
16
41
11
3
29
3
4
8
4
12
4
17
14
9
4
66
106
24
76
23
315
31
19
17
4
30
98
60
60
4
23
8
52
10
34
48
62
6
5
17
52
6
48
33
21
4
175
13
237
25
29
21
99
7
67
6
19
5
24
14
112
3
11
19
66
10
14
78
5
12
11
34
294
62
30
3
70
22
5
4
115
36
69
6
14
16
34
6
87
4
59
80
22
30
66
13
67
10
18
9
3
26
15
8
45
3
18
91
3
75
4
4
31
10
22
36
6
11
3
16
49
14
18
6
72
73
4
4
7
8
23
39
2
7
29
18
38
3
44
49
9
12
6
10
17
7
2
12
13
51
15
7
3
89
17
29
41
31
38
131
17
23
6
27
31
3
33
48
16
7
39
44
3
68
11
16
6
31
6
11
25
12
4
12
55
7
25
13
68
111
105
116
10
297
15
61
73
58
68
7
144
27
83
111
10
39
40
9
103
3
4
14
8
14
3
58
13
36
10
4
55
421
92
6
202
37
67
37
30
71
24
134
4
5
5
4
23
3
13
7
46
7
81
30
44
24
4
12
62
5
4
176
35
10
26
14
45
12
87
19
38
69
9
8
15
5
13
3
13
4
26
8
18
3
9
29
15
162
16
8
3
4
18
6
11
5
33
3
40
18
48
6
37
3
7
4
4
118
64
118
4
23
28
12
3
64
187
132
25
105
4
4
2
3
31
6
74
30
32
34
150
134
70
38
37
57
11
39
4
22
16
17
73
31
53
4
5
40
7
17
8
56
52
7
10
4
8
3
56
17
17
15
47
6
5
6
95
114
16
11
4
8
28
37
24
73
4
13
12
28
21
65
28
13
3
65
144
61
36
81
34
4
8
62
52
25
117
643
101
6
34
19
12
124
28
9
72
115
8
39
39
41
4
44
25
41
87
7
17
62
89
38
44
27
71
21
73
9
21
14
13
36
11
166
72
10
14
5
34
3
197
6
130
20
17
5
39
84
19
88
4
8
495
4
4
72
82
41
38
77
6
86
6
66
3
35
112
105
63
33
42
5
88
19
9
4
29
76
51
27
27
3
60
44
32
29
105
5
44
24
3
11
22
140
115
80
24
9
10
6
41
8
7
6
15
4
21
17
4
3
3
4
22
48
21
34
48
9
4
10
32
27
6
6
31
3
58
44
3
4
11
20
84
40
4
85
88
23
58
29
4
10
4
30
4
40
24
10
5
29
59
32
70
93
12
22
7
4
4
53
29
8
17
39
9
9
6
8
20
13
5
47
9
12
4
54
22
179
4
33
6
40
6
4
18
18
14
80
13
5
150
6
4
15
8
8
6
19
5
44
227
16
6
10
37
49
36
63
33
68
11
11
4
81
70
44
45
115
68
77
6
30
36
8
5
22
3
6
4
6
15
43
10
10
53
4
49
4
7
4
32
14
7
5
7
8
14
26
48
4
41
45
105
18
8
71
54
4
71
9
9
29
3
4
15
75
102
5
34
5
38
9
14
87
6
45
8
29
41
10
10
39
10
16
150
5
5
5
4
4
6
3
83
62
38
12
100
4
5
4
3
20
8
7
14
17
9
10
17
159
3
20
76
6
16
26
8
6
15
83
10
8
4
11
24
5
3
10
285
7
7
27
6
59
6
10
142
43
3
12
4
77
82
3
113
5
19
33
3
10
7
60
68
11
3
59
7
109
3
62
49
84
6
30
15
20
10
67
55
15
4
21
22
7
6
20
27
35
8
185
9
24
4
39
33
42
40
10
333
20
32
16
69
55
4
5
8
17
39
122
34
6
58
4
7
38
11
29
48
12
3
77
8
35
18
83
12
93
7
8
40
84
8
27
6
8
45
49
36
16
12
4
158
3
3
10
16
5
9
15
8
5
102
32
45
4
50
43
113
65
88
8
71
16
78
66
22
13
12
13
40
66
9
29
105
36
60
11
54
16
109
114
201
35
114
3
14
5
3
30
174
97
24
19
16
38
5
3
34
82
6
30
10
62
48
7
14
100
4
16
12
25
17
11
23
22
38
11
10
7
69
48
13
9
14
7
15
5
4
88
16
3
384
3
18
3
32
4
5
51
42
8
64
8
9
38
9
78
21
54
65
8
55
3
56
36
39
12
37
19
163
4
82
108
45
103
42
95
7
32
12
49
89
38
20
17
6
52
13
16
3
10
29
7
46
15
43
65
38
20
108
40
6
4
3
8
20
5
5
152
5
21
18
104
5
18
3
8
3
5
9
3
76
22
11
58
21
15
3
5
34
63
18
39
37
11
54
30
35
56
33
10
20
54
4
47
10
7
3
6
7
4
82
4
8
3
19
2
9
14
50
46
87
94
40
65
43
4
171
69
71
41
32
40
51
16
43
135
4
3
11
3
33
6
172
10
30
3
3
123
39
39
8
34
72
72
72
7
35
8
148
29
43
16
81
10
78
5
16
78
12
97
6
12
45
39
3
13
6
286
16
9
5
5
36
33
47
17
49
70
38
43
20
129
3
15
45
60
17
41
120
61
6
12
10
36
28
5
63
17
4
26
8
90
12
47
120
16
53
59
10
150
255
50
88
94
43
5
74
3
23
6
7
80
51
39
6
13
34
66
4
11
30
9
16
4
237
33
14
27
45
105
31
3
3
3
67
18
9
53
4
51
55
3
69
3
14
18
60
4
34
41
52
47
5
15
11
182
15
68
86
30
29
17
35
20
57
7
4
57
8
14
43
3
10
81
51
29
9
6
44
6
55
22
38
7
4
36
22
117
56
14
64
4
32
3
20
18
5
21
3
9
55
73
4
10
17
16
18
15
12
18
30
14
4
41
4
59
83
3
30
31
31
13
22
142
10
40
64
23
185
3
74
37
7
8
16
3
3
41
46
145
11
39
17
5
3
5
15
71
45
3
16
39
39
43
4
33
7
35
4
4
9
12
16
7
99
4
28
16
10
5
31
29
42
30
25
53
4
44
25
62
13
7
31
7
74
21
7
50
4
68
169
49
9
113
5
9
3
78
24
77
6
4
40
31
228
135
125
65
41
5
41
32
5
36
4
16
150
32
6
5
23
17
111
12
11
49
5
4
10
31
15
3
8
11
3
4
7
8
14
56
29
54
3
14
3
102
3
18
185
59
21
22
35
68
61
27
51
3
3
37
25
45
74
56
18
193
36
51
7
47
8
4
13
49
46
3
18
4
12
18
25
36
34
41
85
7
3
20
109
49
38
13
393
184
11
9
61
6
120
9
19
5
3
123
109
28
9
5
6
46
58
139
16
17
3
21
87
50
12
31
30
8
3
106
106
59
7
6
4
36
18
93
52
4
49
69
165
4
21
15
4
3
13
19
19
5
3
25
12
13
133
45
7
10
15
4
66
24
31
35
91
38
12
55
97
8
54
3
22
65
34
17
18
18
52
28
134
11
49
47
80
15
86
28
8
31
20
7
14
55
7
5
15
5
52
4
32
16
52
28
63
6
40
38
75
35
14
26
31
60
25
24
4
61
22
65
5
12
3
3
14
10
19
20
17
15
4
35
4
16
32
119
5
44
128
4
43
4
106
30
3
96
19
8
33
62
16
54
7
8
9
41
74
7
53
32
17
40
29
12
20
5
8
4
30
17
22
29
11
197
65
6
109
3
9
43
42
16
35
25
59
26
3
20
69
28
7
63
41
9
36
22
31
62
22
5
17
36
3
8
41
56
8
27
19
36
24
23
3
15
30
24
79
9
37
161
38
43
18
13
4
5
42
16
33
67
22
7
22
17
16
102
56
4
24
8
3
18
3
20
21
78
49
11
7
89
13
18
12
123
3
13
3
29
7
12
17
28
18
61
74
119
65
91
26
11
81
60
3
13
5
10
148
40
3
88
41
41
21
49
32
33
19
5
12
65
24
28
95
3
58
30
20
121
72
35
3
3
45
65
276
21
13
4
3
3
48
8
21
56
9
29
8
14
99
4
47
49
22
26
3
59
4
46
29
19
12
7
14
4
11
14
57
3
11
28
82
5
3
12
37
44
62
42
29
7
17
55
3
17
17
66
13
8
47
71
122
37
32
140
87
2
33
28
3
14
7
8
62
10
43
55
12
6
45
82
71
37
30
4
4
21
46
5
30
21
37
12
14
105
449
9
7
55
7
127
78
82
129
17
46
16
76
7
30
75
31
27
23
14
78
94
29
41
29
9
10
60
13
5
10
38
39
76
226
20
19
7
39
120
18
162
9
18
99
10
48
32
10
14
70
70
33
19
51
70
16
24
84
37
102
5
20
98
174
87
20
3
35
67
35
69
209
44
3
124
72
22
100
28
28
94
6
10
32
12
84
4
46
197
30
44
12
111
3
6
15
9
8
8
12
47
67
15
39
288
42
111
4
5
29
14
10
3
7
4
9
4
12
3
97
11
128
79
60
48
81
179
19
49
15
12
4
17
58
25
52
3
24
83
7
33
4
82
144
4
33
6
41
32
5
29
3
7
44
16
6
25
32
124
11
3
3
3
5
5
6
18
6
4
31
64
81
55
38
6
182
32
50
36
23
22
4
13
211
228
6
66
11
15
143
7
3
3
3
45
7
250
6
4
57
6
18
3
11
109
6
45
8
104
16
12
22
109
79
57
44
11
145
5
8
6
4
4
24
8
3
3
4
7
3
3
5
18
18
52
55
30
22
48
28
18
45
9
9
61
7
4
50
114
11
23
11
224
50
52
40
146
60
52
42
4
32
17
24
12
66
4
8
5
12
26
28
73
7
4
27
22
54
16
12
15
11
3
5
3
25
29
3
5
29
158
31
36
3
88
31
22
17
9
13
13
3
40
5
10
49
4
42
16
29
15
4
4
9
4
32
58
23
12
31
10
39
10
26
5
9
61
27
6
109
12
8
29
2
11
46
112
42
55
5
38
18
73
96
11
9
36
203
39
33
9
7
8
16
5
20
46
4
4
32
15
9
10
4
4
36
29
4
15
17
12
65
75
6
3
56
41
7
10
26
45
6
22
7
8
28
50
48
57
9
23
4
20
4
6
54
21
9
8
13
32
49
79
14
4
24
9
40
5
23
170
19
86
6
6
5
7
157
11
79
5
27
31
55
60
35
28
56
13
58
60
26
87
98
6
80
26
20
3
171
121
12
3
6
3
17
27
16
45
10
28
56
15
47
7
103
65
3
12
5
13
22
34
130
8
57
6
11
3
80
41
4
13
20
10
22
35
4
14
111
4
47
4
61
14
5
155
11
42
11
70
18
36
3
95
10
14
5
3
12
3
17
3
4
95
3
4
29
7
3
8
140
17
8
30
82
6
213
3
103
4
35
39
8
10
30
110
42
75
12
7
37
50
16
4
32
29
42
79
9
8
8
62
36
5
149
193
325
23
42
31
35
57
31
62
13
24
61
7
36
89
65
7
100
44
61
10
115
186
4
35
13
148
29
19
287
157
7
28
34
20
49
9
8
5
5
3
78
91
11
8
7
3
24
4
35
3
3
4
7
14
85
50
4
30
30
5
9
3
15
9
79
10
29
21
12
30
49
30
10
18
89
42
5
8
51
6
62
18
80
10
20
6
7
8
33
14
61
21
8
5
38
78
18
4
48
37
3
5
4
6
3
37
55
16
31
17
168
67
4
45
36
3
4
28
89
82
16
57
32
10
3
14
75
17
38
41
4
5
63
14
5
44
12
5
173
7
5
25
16
6
9
4
50
42
18
22
19
8
4
56
7
18
12
3
4
4
4
44
44
71
7
11
116
73
59
4
3
76
15
7
2
3
110
46
5
18
116
90
14
118
3
43
81
25
63
44
58
35
86
10
20
3
44
231
15
39
4
17
6
24
130
5
12
10
41
78
61
3
3
4
20
8
35
4
33
16
3
18
63
34
4
3
6
80
3
45
54
13
78
14
14
6
3
66
4
13
14
17
44
16
19
33
93
3
31
12
127
8
31
6
19
10
7
31
31
18
7
16
35
50
3
20
20
13
8
6
3
35
27
4
6
11
21
17
6
3
8
3
3
105
26
86
4
31
5
13
16
64
10
10
59
5
51
4
80
14
130
3
3
19
5
37
12
70
3
22
16
8
10
81
31
255
97
15
44
77
8
13
33
66
43
29
29
74
42
44
20
3
47
4
18
102
9
13
53
58
78
46
4
48
113
17
63
25
4
16
97
40
3
218
3
5
10
74
15
8
29
16
85
11
65
3
29
3
6
28
9
30
7
57
8
5
5
36
131
4
4
5
5
4
5
54
33
12
47
96
68
9
110
6
36
62
16
3
101
139
4
9
40
61
166
75
4
12
7
3
30
36
11
11
140
29
30
32
139
7
8
4
34
30
8
43
4
10
6
8
8
8
9
52
18
6
40
10
55
64
6
93
5
35
70
54
42
47
43
10
20
47
36
14
53
36
203
21
3
88
19
85
12
76
10
23
10
76
42
4
3
5
43
65
47
54
5
3
6
3
19
14
5
6
36
19
12
3
30
8
1106
54
17
5
9
123
17
6
52
27
33
195
14
3
13
34
35
14
4
23
14
9
40
13
50
19
8
41
37
12
9
72
10
7
48
13
60
12
26
4
56
28
84
7
6
10
104
7
66
39
3
39
21
11
68
41
59
5
2
56
25
53
27
24
20
13
51
15
42
14
3
15
42
57
7
6
22
3
16
118
7
4
65
77
7
3
3
9
18
55
60
63
52
44
26
13
8
15
15
29
5
17
8
48
41
17
8
39
90
31
6
76
43
62
4
6
5
14
21
8
113
9
38
13
3
3
7
3
83
121
13
25
3
48
5
3
6
36
32
197
4
64
170
18
3
20
51
19
6
7
33
41
11
32
145
55
101
139
25
4
268
86
32
151
9
9
3
6
18
58
94
2
56
13
50
14
23
6
38
3
54
37
3
15
5
46
46
28
51
3
32
9
19
90
66
131
64
17
118
9
17
6
67
123
8
9
3
71
73
17
12
4
70
16
3
42
109
13
6
37
5
40
42
10
36
5
5
66
5
7
3
66
3
34
49
4
4
4
4
5
73
6
12
136
7
136
3
4
25
4
78
12
83
39
4
11
13
21
28
3
206
72
3
24
9
7
50
34
62
17
7
38
12
34
5
4
21
96
16
3
6
46
57
34
10
3
11
37
7
3
145
32
7
20
20
44
4
13
34
3
16
6
13
4
6
9
6
38
33
14
129
6
130
55
71
5
4
4
34
36
16
4
3
33
3
23
3
199
3
46
14
133
22
9
80
16
4
6
22
6
13
97
13
18
2
4
33
23
13
104
3
11
3
36
12
88
36
5
3
24
39
12
4
73
6
29
5
15
45
22
19
65
14
6
43
8
6
46
5
3
4
9
5
80
3
17
18
13
7
11
3
48
67
343
19
18
5
5
20
8
24
6
20
6
33
5
18
70
3
72
7
70
50
41
4
5
15
33
21
4
54
40
303
3
12
15
18
8
22
17
8
150
15
4
58
21
65
4
42
60
3
30
34
14
42
156
32
20
41
40
32
12
6
83
4
3
15
4
18
8
68
71
31
17
63
28
3
10
17
17
19
56
13
50
56
6
20
59
33
58
55
26
49
55
10
10
9
38
14
32
11
5
10
14
77
38
33
15
4
36
11
62
5
21
16
8
29
4
46
31
22
59
23
44
41
25
3
58
16
56
55
82
37
55
66
56
27
8
4
95
32
4
12
85
84
15
10
108
44
19
110
4
6
7
13
5
37
37
139
51
128
64
15
10
23
13
3
3
83
15
13
84
7
39
11
6
81
108
7
4
34
14
48
53
95
198
29
76
31
9
17
73
9
26
34
8
40
38
59
4
10
65
24
19
16
59
117
7
48
3
8
45
52
198
9
20
42
196
10
47
71
107
15
18
15
74
4
80
14
9
50
62
6
250
18
214
27
69
140
33
8
33
8
18
23
119
95
8
16
40
5
6
13
78
15
46
6
16
38
11
88
8
52
5
18
41
3
71
101
79
102
3
3
10
53
16
107
137
3
43
5
4
41
59
73
3
132
10
85
192
120
23
56
30
29
283
6
55
83
25
56
6
12
42
80
49
11
90
96
4
29
18
16
29
3
62
29
119
25
4
4
23
55
64
40
59
4
35
24
161
9
8
13
82
16
109
41
125
23
7
12
145
14
72
108
3
5
84
19
12
4
22
6
54
37
45
49
13
8
19
4
19
5
7
34
11
24
65
8
7
89
8
14
3
23
36
34
17
6
305
3
40
4
11
32
12
28
9
5
21
7
35
5
3
33
4
107
6
26
56
4
43
17
119
261
146
49
73
67
37
41
32
19
3
17
84
10
46
82
6
42
5
19
40
85
12
17
15
8
4
82
67
54
19
18
48
19
76
35
14
13
10
14
54
35
4
46
44
4
66
27
34
29
74
188
47
9
17
176
34
52
8
11
4
4
35
20
4
5
11
46
3
11
33
3
4
29
3
8
118
81
31
10
31
51
136
15
23
27
7
9
25
96
5
4
37
15
19
3
114
66
125
124
9
30
16
4
42
23
90
53
15
20
4
48
37
65
48
24
59
29
120
114
49
73
23
15
51
91
46
15
11
14
21
46
47
82
5
10
45
51
9
41
186
7
29
8
6
53
6
45
5
129
8
22
6
13
57
103
3
28
8
8
13
14
19
23
14
17
4
4
29
27
130
34
2
85
6
12
3
61
46
61
10
66
137
55
35
95
6
307
36
16
24
11
9
62
10
135
57
3
31
15
47
55
110
24
8
52
112
5
13
15
6
42
5
54
39
49
15
46
2
74
9
39
3
8
25
6
56
7
5
9
36
5
8
79
3
3
91
9
3
20
26
5
8
8
95
4
22
35
47
23
37
10
41
5
28
10
4
19
35
9
40
3
139
29
35
22
4
147
130
12
44
18
83
17
8
100
63
47
18
62
79
68
15
3
11
29
5
38
12
44
119
40
95
109
9
371
9
11
18
16
67
49
15
85
39
56
7
21
44
119
22
74
41
3
14
4
152
5
39
57
20
40
60
12
41
70
84
192
27
12
21
49
4
6
39
7
10
14
12
102
19
9
105
10
21
73
5
5
3
109
29
8
11
45
3
20
23
24
7
3
10
79
15
11
3
91
4
4
117
58
117
17
4
50
139
88
176
120
4
176
8
32
4
5
4
74
63
5
11
4
12
5
37
35
3
41
59
4
7
34
20
58
5
2
67
3
138
20
66
17
7
4
5
21
8
3
27
54
146
3
83
16
11
502
32
26
40
21
3
12
23
20
29
121
20
14
7
12
15
6
7
6
23
76
44
3
8
34
3
51
8
6
8
6
4
14
49
31
46
89
7
93
60
8
36
15
3
29
53
105
16
9
17
15
17
5
43
4
8
20
24
38
18
51
62
20
8
25
4
9
17
23
44
55
37
23
7
52
3
7
59
8
107
20
40
7
52
34
27
20
31
30
294
50
20
3
4
88
14
13
69
20
31
17
71
159
31
14
4
161
66
4
40
21
240
89
46
55
47
42
16
22
10
39
227
9
30
22
113
11
56
50
30
15
3
12
34
163
3
158
14
6
9
8
7
32
3
96
3
42
16
56
28
103
17
43
123
99
7
52
143
19
16
21
9
134
46
9
12
107
15
37
9
166
16
17
8
42
3
11
24
107
17
10
9
59
41
39
30
7
5
28
11
112
40
50
11
12
114
29
34
13
46
30
16
109
4
18
111
4
56
14
38
22
51
5
38
26
15
4
3
9
3
12
9
6
12
9
22
3
83
13
51
15
80
80
45
49
4
50
41
18
11
92
72
11
9
15
54
22
19
7
51
4
27
37
42
16
16
12
13
3
13
11
63
8
137
15
3
44
12
172
7
7
10
44
3
5
4
27
9
8
64
25
44
4
21
14
6
74
122
25
254
32
82
27
82
13
18
13
64
19
60
74
30
73
25
34
76
64
12
3
25
165
18
23
15
22
6
41
2
119
3
3
40
4
23
25
40
8
8
74
42
3
10
44
7
55
67
169
52
79
7
74
73
55
22
23
37
23
23
37
22
55
48
42
119
23
85
12
62
44
149
65
45
7
56
5
27
16
42
33
78
16
36
77
10
36
104
3
101
10
76
5
8
42
6
8
13
4
98
3
17
36
40
27
19
4
13
133
13
46
77
81
7
8
9
54
5
13
97
32
12
3
20
5
47
30
21
51
78
38
19
66
81
4
26
76
6
3
91
50
138
26
21
19
4
17
4
53
12
11
9
55
69
4
23
20
32
150
7
35
81
6
4
19
6
61
36
11
31
77
49
21
3
36
16
64
66
7
14
3
72
13
34
21
13
6
26
55
3
19
4
6
20
14
9
24
36
32
17
6
9
55
28
38
31
69
25
20
82
7
11
4
103
13
3
22
80
48
47
11
47
108
6
34
3
53
90
10
11
9
13
7
19
5
100
4
27
3
39
71
92
95
8
14
228
193
8
32
35
46
35
4
108
67
15
169
17
446
12
66
98
13
29
57
48
21
58
55
11
4
13
32
113
46
86
9
4
9
36
32
4
25
9
4
10
3
20
26
8
40
11
11
84
23
77
79
53
37
31
7
15
34
68
85
53
157
28
56
91
10
64
44
81
87
45
45
13
16
3
21
35
100
78
26
85
17
75
189
4
6
35
49
53
4
12
161
20
96
177
9
55
73
98
141
17
90
6
68
27
34
162
27
45
10
83
30
15
5
5
100
23
10
8
3
3
40
53
34
3
28
7
10
42
31
3
39
30
4
4
5
47
107
4
40
64
38
6
12
6
53
22
57
5
86
113
11
29
26
5
32
83
13
3
3
19
23
12
37
20
52
5
77
52
28
14
86
19
99
18
177
17
29
9
4
4
28
70
26
26
18
18
54
20
113
36
87
6
92
56
328
4
5
55
55
33
22
4
19
51
107
15
351
292
195
3
4
8
27
10
4
25
9
5
31
9
30
2
3
14
27
82
94
38
11
20
9
103
39
7
4
95
69
190
95
38
13
7
25
3
53
83
3
127
30
11
38
11
26
7
4
4
7
38
91
47
33
105
16
46
10
31
47
36
8
35
23
13
64
4
54
46
12
40
23
38
73
12
25
27
48
11
6
6
6
70
23
34
10
129
32
41
12
103
77
11
5
135
401
19
4
47
10
9
4
7
4
7
30
14
39
56
29
147
22
20
125
75
67
43
73
34
67
15
39
53
243
4
86
268
31
37
19
6
26
4
9
71
3
20
63
24
79
21
49
5
4
50
35
7
34
40
19
7
53
17
47
39
129
4
55
54
57
22
21
24
35
57
51
108
44
73
23
121
51
41
26
71
62
118
155
10
27
122
28
22
5
49
246
120
73
27
46
195
37
23
53
141
28
29
88
125
42
25
22
147
28
22
127
29
386
157
35
24
23
38
147
29
218
146
28
64
88
27
97
22
43
116
20
43
50
50
17
36
77
44
31
73
27
38
57
47
56
34
212
32
53
30
29
28
47
41
48
256
30
47
28
53
33
32
30
24
67
44
91
42
67
67
34
56
43
43
40
34
45
31
28
57
46
22
37
58
30
74
42
35
25
25
63
32
55
24
51
28
33
98
25
43
25
77
37
23
21
30
45
36
24
112
33
30
28
38
73
93
42
81
26
32
40
22
4
166
65
8
58
23
45
5
52
29
89
27
103
23
28
37
36
161
26
35
38
52
55
120
26
23
117
42
190
25
121
29
47
36
95
24
27
33
62
21
67
35
62
140
37
97
24
58
105
29
750
21
23
28
109
77
40
38
24
66
44
51
25
42
139
28
73
36
35
43
34
28
81
51
34
36
28
116
34
142
56
32
67
30
25
25
56
43
45
32
42
64
33
37
74
78
43
87
128
126
39
27
289
126
90
53
80
55
33
100
25
34
67
69
246
81
27
25
142
30
41
34
60
21
25
35
57
36
22
45
209
31
51
25
78
37
33
102
32
24
45
26
33
36
172
37
36
172
24
28
38
112
35
92
26
99
81
48
26
24
30
54
53
26
60
23
45
57
42
27
104
29
33
34
46
84
22
50
32
22
86
43
22
28
38
27
37
36
43
52
89
36
80
54
21
21
47
43
50
27
52
34
70
23
77
51
26
39
29
29
38
24
22
30
41
54
41
86
144
39
6
24
32
49
60
50
39
49
34
51
75
66
35
52
56
23
31
120
37
34
25
176
50
80
42
55
43
91
211
110
77
58
68
36
28
29
148
50
57
27
4
31
43
38
337
105
36
132
42
35
24
250
5
26
26
21
130
25
29
26
21
25
104
25
4
63
45
73
25
135
27
465
28
87
117
28
50
52
91
34
24
25
29
41
37
25
29
39
32
70
21
125
21
36
39
64
29
114
29
22
37
23
28
22
187
22
87
30
155
86
112
52
141
38
133
26
200
94
156
180
74
104
147
44
27
44
33
57
36
24
43
22
25
61
60
28
92
46
43
62
225
58
91
225
38
48
32
92
133
50
48
38
24
134
39
193
39
22
39
43
54
31
27
26
21
29
32
89
31
28
54
70
25
70
26
25
46
74
34
24
40
24
55
35
26
38
73
43
34
30
194
58
64
25
212
48
74
111
24
57
25
38
32
68
23
23
51
29
39
30
55
37
25
29
58
52
29
93
55
28
27
164
45
30
124
40
23
10
27
23
50
24
57
26
38
47
27
39
133
64
41
22
91
29
66
49
35
27
26
62
44
30
212
92
45
107
33
56
71
24
21
40
23
46
24
26
34
124
24
113
49
31
31
191
90
76
71
23
41
22
8
26
31
25
101
21
102
27
44
37
46
27
32
71
22
126
21
46
25
47
27
33
28
29
26
29
23
79
28
38
26
170
23
36
22
37
25
24
12
28
25
58
44
133
8
55
27
30
788
194
32
94
194
365
25
23
70
21
24
69
56
50
36
60
46
52
80
34
46
79
56
47
86
53
74
47
59
76
41
71
42
42
59
27
34
29
73
31
42
39
26
64
75
90
30
42
45
49
98
64
51
28
29
53
29
30
92
248
52
37
102
63
22
28
25
93
65
63
34
111
53
39
29
33
43
42
29
32
51
119
106
35
5
216
27
37
46
105
33
118
35
70
23
121
28
191
74
40
248
37
54
34
194
106
35
38
44
340
110
24
31
28
29
39
103
286
27
26
49
28
24
38
169
142
32
87
31
32
114
37
191
87
49
37
22
34
31
146
51
47
49
63
30
44
60
91
31
70
24
21
28
32
88
24
25
27
55
64
35
34
23
28
53
30
25
20
56
32
60
259
101
64
59
78
90
24
41
36
64
48
86
47
102
101
142
174
49
29
39
41
32
64
62
25
57
26
28
36
38
22
47
25
21
27
58
25
85
29
51
30
48
46
30
66
77
61
86
45
48
14
84
51
22
25
193
167
28
61
106
127
27
25
30
69
36
63
28
38
54
54
53
33
42
29
39
35
55
95
70
29
26
47
61
24
23
23
27
109
89
184
40
32
48
46
46
23
27
51
64
50
49
23
33
35
51
29
27
79
31
95
37
61
26
35
27
28
24
27
24
59
86
28
75
31
44
39
42
23
126
32
36
155
121
123
29
27
101
8
61
35
42
22
126
71
25
41
62
54
36
27
77
28
35
28
20
52
120
65
62
73
31
115
29
55
23
32
80
55
30
63
23
23
24
91
28
60
170
281
29
25
79
75
70
23
130
22
52
292
42
81
35
288
25
147
40
48
138
6
48
25
64
25
41
40
218
87
187
31
66
38
25
40
39
22
34
80
26
27
24
282
101
88
25
107
47
38
42
71
40
34
85
50
121
111
104
25
138
24
36
55
148
69
27
83
73
156
52
25
34
29
162
41
48
129
149
92
26
25
41
62
37
62
47
34
24
90
52
28
55
39
28
42
23
28
58
78
67
26
23
144
26
25
35
44
53
22
26
69
22
28
23
40
65
33
25
27
24
91
32
24
72
119
21
62
34
60
35
81
30
31
102
21
43
56
36
23
21
44
21
35
62
35
90
66
436
26
25
54
108
55
29
25
84
94
151
25
40
80
26
24
39
35
24
27
37
82
68
46
108
36
24
54
56
33
38
61
89
21
27
28
95
32
42
40
25
85
80
37
51
29
45
86
56
25
32
35
24
35
114
90
34
59
22
61
27
93
36
50
24
115
29
23
37
90
36
39
30
49
41
134
30
43
47
35
142
134
28
50
66
8
78
63
29
28
24
33
71
75
26
25
21
26
27
24
22
24
26
86
32
28
28
87
327
24
135
81
34
52
56
29
64
125
77
84
99
22
105
21
27
23
24
22
67
48
67
64
48
37
39
34
61
42
32
35
28
23
90
113
37
55
77
40
59
71
23
29
30
27
28
54
28
29
70
27
113
79
25
27
60
66
82
48
99
59
66
70
66
54
64
56
29
33
22
60
211
28
85
29
44
127
34
27
36
29
21
56
26
97
28
93
87
46
104
69
68
35
25
66
52
39
157
167
107
64
74
44
84
27
24
323
54
164
60
57
41
40
261
123
50
24
125
104
198
89
48
38
60
69
40
33
25
32
27
25
22
34
37
35
29
54
107
75
25
27
45
46
21
61
131
75
48
52
211
53
21
24
23
25
29
67
88
46
102
26
48
71
33
22
21
111
125
36
125
32
25
125
76
76
88
47
22
47
66
36
35
271
193
22
70
49
32
30
46
49
34
36
58
50
44
51
33
22
40
51
76
25
39
72
151
136
46
48
29
33
27
64
34
33
27
49
75
22
43
63
95
34
33
37
37
57
32
27
33
56
23
49
53
266
45
45
185
25
53
21
35
25
24
30
115
31
37
90
88
121
148
124
31
124
77
95
22
23
39
61
27
39
207
29
21
66
27
40
72
40
24
53
53
38
66
37
152
29
22
87
47
64
38
35
24
30
61
55
78
92
38
48
27
41
44
93
71
30
46
29
42
37
87
89
23
26
34
37
79
75
31
176
128
48
99
58
73
97
141
111
88
30
89
147
61
43
4
67
104
67
57
140
22
66
44
52
51
59
23
53
419
22
84
52
103
137
42
49
207
41
59
105
67
25
22
77
29
104
121
118
30
100
70
79
31
61
56
40
31
38
30
40
43
35
68
99
23
48
51
27
32
23
102
67
83
96
32
53
37
136
67
53
25
33
38
46
207
25
54
156
43
37
192
21
255
34
32
39
29
26
35
22
41
27
93
30
22
76
24
105
23
29
86
58
61
40
28
76
54
37
31
243
26
32
44
27
22
31
88
96
31
22
32
27
44
50
26
57
30
84
32
146
48
66
56
62
30
49
104
35
28
69
35
33
67
108
148
29
206
98
22
48
37
55
39
23
135
114
31
31
120
97
20
104
27
33
25
631
63
86
37
273
102
65
443
37
80
30
79
33
42
41
45
50
25
22
34
24
59
60
170
35
28
135
48
81
29
63
26
40
86
43
51
27
52
939
45
939
27
24
60
28
31
146
52
32
25
34
34
23
26
31
25
53
46
32
111
33
53
27
21
26
25
27
31
200
76
125
37
57
30
30
33
26
25
27
24
77
34
30
53
36
65
35
40
23
67
68
23
105
39
73
27
42
53
53
38
20
35
50
28
84
159
23
223
39
141
23
54
38
25
36
28
22
36
23
72
74
23
50
181
104
29
24
81
33
46
26
33
35
74
35
36
39
25
60
23
48
50
26
82
72
39
25
25
53
32
21
44
26
22
39
112
36
26
109
67
45
47
64
88
82
29
38
23
121
24
28
75
25
28
24
176
40
47
33
61
70
48
63
42
30
115
51
210
28
35
38
45
260
63
72
191
30
28
60
44
124
341
125
75
37
32
42
21
49
30
39
40
41
28
25
31
68
103
42
36
28
59
28
82
152
24
106
55
85
26
27
6
135
26
51
167
21
157
120
21
68
34
38
44
22
70
26
49
24
29
81
57
25
21
42
32
45
25
26
23
25
163
37
47
29
36
57
407
111
27
35
32
66
81
28
42
30
68
27
113
29
41
23
108
61
29
38
26
23
35
83
46
59
46
50
28
23
178
66
190
27
113
36
41
45
27
22
54
35
26
29
24
32
108
56
42
32
43
106
40
27
32
313
173
191
252
25
23
31
32
27
40
26
24
208
34
24
46
34
44
34
38
26
31
109
81
28
44
34
110
40
55
51
66
43
26
33
29
94
96
23
26
41
279
55
40
39
38
114
25
35
95
74
41
28
137
23
113
44
97
42
43
46
75
75
204
25
77
58
105
31
51
91
133
129
24
41
97
31
62
201
30
115
208
31
48
60
29
35
83
40
43
308
159
54
197
99
112
27
161
147
177
30
47
31
63
24
23
23
52
110
32
70
65
30
25
59
21
30
25
110
65
24
27
24
64
78
53
43
83
28
26
41
52
25
25
79
42
58
54
44
35
34
62
42
30
25
48
23
51
25
30
37
44
30
26
24
54
37
36
40
60
161
24
44
61
69
25
45
36
39
40
42
45
43
45
45
39
77
74
27
27
23
248
31
42
72
31
57
58
37
80
33
25
93
88
45
45
32
28
26
25
26
67
54
23
29
31
143
95
24
35
65
32
155
79
60
39
53
314
79
35
65
51
67
26
27
95
28
108
34
43
77
25
95
24
30
60
31
27
30
51
42
51
67
122
29
32
47
27
83
89
22
26
66
35
36
24
55
68
29
8
27
64
119
30
23
60
57
37
36
41
44
124
46
28
46
77
60
22
31
64
23
34
51
51
62
48
70
67
183
34
65
41
84
39
65
51
66
51
25
29
81
26
26
58
29
25
96
50
118
43
87
43
53
38
27
22
41
31
27
30
84
24
83
28
120
25
115
23
35
47
51
176
24
107
38
84
21
59
101
47
39
43
93
31
34
36
34
31
73
73
70
52
98
87
72
90
40
31
34
28
26
106
56
27
73
31
40
27
52
45
88
466
31
24
42
40
69
153
176
32
80
27
76
293
31
73
35
136
157
98
76
33
41
21
48
98
28
146
23
39
39
65
28
106
57
24
44
56
135
51
3
30
51
77
45
36
63
40
25
41
25
21
33
24
73
40
601
54
71
78
30
38
26
87
265
65
33
31
45
8
73
28
30
21
72
178
96
84
23
29
705
168
25
43
37
119
25
34
36
69
56
49
26
79
57
29
27
33
23
34
23
38
21
28
43
24
24
99
63
25
25
186
74
48
46
30
31
21
20
23
24
26
50
23
159
19
101
37
33
27
159
356
56
31
24
100
41
44
73
22
34
31
24
39
39
30
25
30
82
45
23
33
37
33
27
28
77
33
39
30
28
33
62
125
35
32
96
32
27
22
30
95
56
60
73
67
33
193
158
22
53
57
22
111
51
25
76
93
33
87
60
212
96
231
177
30
92
25
22
23
129
61
84
32
25
175
33
24
26
35
71
76
84
44
24
27
25
64
27
29
29
7
27
23
36
71
38
211
28
34
72
22
71
67
36
50
49
67
60
275
72
40
70
38
54
114
37
28
38
27
29
67
26
209
22
27
25
78
38
23
150
25
60
87
33
99
30
115
30
33
38
30
22
28
34
27
36
30
35
24
70
55
67
120
28
24
31
108
34
142
45
70
22
26
20
27
128
37
65
111
36
30
163
25
118
23
35
23
30
23
26
97
128
23
26
37
94
166
28
26
24
26
48
33
82
71
22
236
56
23
23
29
22
27
25
37
25
160
130
117
42
364
57
159
99
59
44
188
164
24
21
45
26
33
40
27
65
30
100
41
85
77
443
37
26
84
101
312
81
110
142
137
127
38
47
36
25
23
36
45
41
63
24
57
53
46
63
31
47
50
36
71
88
23
251
68
229
209
209
28
25
45
26
22
461
39
67
20
33
36
24
192
155
46
21
162
24
29
66
41
413
50
211
221
24
32
75
29
37
79
37
80
25
55
43
63
92
64
26
431
78
22
64
31
49
40
29
9
29
23
94
23
21
26
38
50
65
23
63
62
45
25
93
31
26
84
33
173
168
51
22
121
52
47
27
613
75
143
60
26
22
121
55
55
71
61
49
101
22
29
43
26
36
22
45
33
66
66
40
40
64
66
65
108
22
35
67
28
22
48
32
23
23
26
31
264
27
121
33
83
27
39
61
38
23
25
37
86
127
25
28
43
297
167
40
45
67
23
58
24
32
62
23
58
66
47
25
68
43
47
31
21
35
30
22
20
32
24
51
28
81
31
27
48
32
76
35
47
37
44
36
37
72
51
21
32
86
27
27
25
59
38
31
22
32
54
108
32
25
82
20
34
82
22
22
26
123
47
34
21
73
110
24
23
58
121
25
52
49
30
37
34
225
37
108
105
27
25
64
34
59
70
28
36
28
96
28
81
21
28
118
209
29
28
21
22
116
21
25
46
37
98
32
48
31
49
25
23
32
54
26
118
21
76
35
38
23
24
49
80
69
40
30
73
26
24
28
91
47
35
31
56
27
132
327
22
227
24
23
145
26
120
146
46
36
113
40
35
47
70
85
70
95
8
52
58
88
62
24
51
151
69
36
62
105
73
39
38
23
27
25
25
46
53
40
87
23
43
118
24
40
30
150
32
76
190
24
23
26
9
58
25
44
41
269
22
27
33
50
39
260
53
65
27
35
80
27
31
62
24
72
29
25
225
31
32
66
25
28
25
84
21
24
23
447
34
125
25
93
88
87
31
35
148
52
33
49
26
83
25
59
74
68
80
42
191
25
24
41
34
31
89
113
97
583
35
138
32
50
35
24
22
30
36
60
57
78
204
150
156
23
164
69
49
194
124
45
21
35
22
27
32
75
89
45
140
28
29
24
49
257
45
22
46
92
93
39
24
61
73
21
27
24
32
22
24
47
91
26
104
24
30
33
53
61
55
102
44
25
71
56
113
47
53
45
24
34
26
25
49
22
25
58
159
40
115
50
73
26
23
39
32
69
50
25
25
50
126
60
60
61
53
172
36
23
41
101
37
52
44
58
53
289
60
161
38
24
31
158
31
23
112
24
49
31
139
24
100
42
104
22
32
41
33
46
51
111
28
40
182
84
43
26
49
29
26
57
113
78
78
32
27
58
23
34
36
113
46
24
79
86
33
123
24
60
81
34
55
45
56
49
45
58
44
46
68
45
156
73
56
52
89
117
25
104
78
123
36
124
30
51
95
85
46
28
47
46
35
24
58
35
101
34
156
44
24
38
29
104
107
111
25
32
28
117
22
66
54
25
30
42
84
52
71
59
87
24
96
43
40
141
77
39
79
31
36
44
50
8
33
43
21
28
162
23
285
27
21
41
117
47
28
31
41
65
26
37
37
90
25
33
23
60
73
48
26
35
43
39
32
23
57
23
37
24
40
44
111
128
63
75
95
33
71
33
25
121
78
55
32
104
29
60
50
35
24
72
34
34
36
53
124
22
35
75
124
27
22
115
23
52
27
54
25
116
43
87
29
40
119
27
36
27
26
21
107
153
24
49
20
22
57
94
27
42
65
110
28
29
549
32
30
57
54
36
30
208
39
47
37
49
26
25
50
37
23
26
21
46
59
106
123
28
38
62
28
25
23
73
186
47
57
92
75
59
39
23
31
77
90
32
112
25
76
29
24
277
65
50
33
49
130
37
32
29
207
250
79
142
49
61
194
28
51
73
143
110
123
136
53
72
48
51
60
46
29
93
94
25
65
51
72
58
79
63
48
66
59
45
23
22
36
92
257
94
142
29
38
42
29
23
31
48
422
36
27
22
92
32
83
33
60
136
45
37
70
32
27
35
188
183
42
46
27
98
47
48
29
33
536
59
133
237
31
32
27
33
21
133
90
116
26
61
86
297
21
70
94
73
31
36
31
140
183
23
32
35
45
63
27
29
25
87
38
44
29
102
65
28
174
78
33
137
49
119
124
67
27
100
23
48
27
24
65
25
69
28
31
51
75
73
25
56
37
47
29
58
66
48
26
31
39
80
24
73
180
79
23
30
176
34
23
32
25
60
149
33
26
68
25
31
155
29
24
32
36
104
30
37
75
22
45
203
22
63
22
51
69
67
55
25
51
52
92
67
25
31
115
28
118
189
165
78
26
200
76
30
116
28
53
31
61
96
37
100
335
27
76
25
180
51
50
21
41
30
36
48
32
64
66
36
37
29
61
25
317
73
182
36
30
220
41
41
47
25
111
32
50
170
48
54
199
25
28
33
159
215
40
33
74
61
66
61
36
242
45
66
53
29
52
30
45
30
32
35
32
41
39
52
90
27
42
86
24
51
55
26
52
38
26
46
41
26
43
54
106
41
121
21
29
203
23
32
24
24
25
202
27
49
27
66
39
84
32
30
83
76
51
60
75
66
24
21
225
36
28
73
225
31
28
99
22
37
70
46
25
22
22
47
26
48
35
37
105
28
32
41
27
33
26
34
53
31
55
23
55
57
46
26
30
32
24
71
29
69
62
207
204
31
26
57
60
28
93
73
115
261
27
23
54
37
40
64
29
53
33
46
22
28
90
65
27
39
43
79
68
39
23
23
22
36
40
49
26
23
27
28
25
66
152
33
30
24
29
25
31
24
29
28
75
88
49
27
32
44
104
71
98
48
57
37
30
30
55
37
111
51
89
26
123
96
52
33
74
29
55
50
131
42
62
50
53
35
35
40
374
44
30
29
31
106
38
32
70
86
96
41
27
30
132
108
23
31
26
22
41
35
82
26
203
50
89
30
85
47
37
107
24
62
37
27
33
21
36
27
26
58
23
90
212
47
87
38
51
38
43
46
50
26
106
22
98
32
96
53
23
98
95
145
73
28
35
90
61
27
21
161
36
89
23
34
45
78
22
73
23
30
48
77
24
23
41
74
54
78
51
152
30
61
29
29
25
94
93
38
26
50
23
82
50
97
45
23
159
32
22
94
65
55
22
57
72
134
33
279
76
32
25
60
23
201
72
39
77
44
23
54
67
84
63
30
59
35
44
57
21
96
39
78
28
37
31
37
22
48
91
44
26
35
44
31
39
32
52
45
97
67
53
171
32
35
25
40
27
25
25
34
37
62
62
613
27
27
39
33
35
28
48
31
54
29
53
29
74
26
301
58
57
85
75
155
146
59
73
19
34
32
66
107
129
54
23
79
32
25
35
23
21
26
32
31
79
93
30
48
93
22
29
43
32
27
49
31
30
26
112
49
51
57
35
34
81
61
24
34
70
54
26
46
62
21
33
22
26
68
22
51
22
24
40
32
24
58
25
37
33
65
28
94
26
42
33
195
34
24
28
26
37
37
22
31
145
28
47
33
30
44
23
42
252
61
93
56
29
84
38
31
146
23
39
47
25
47
66
82
53
27
49
24
22
37
26
28
336
51
26
31
31
34
286
29
42
49
66
27
62
64
39
34
54
21
26
32
32
140
42
55
25
96
89
24
41
84
56
25
111
50
26
30
140
5
80
71
24
280
21
91
72
43
46
32
62
188
52
43
30
46
32
55
58
166
59
32
25
28
41
35
94
26
25
48
28
34
23
568
55
33
79
109
34
26
40
80
43
25
183
23
23
23
68
65
54
26
177
33
170
32
23
39
24
38
31
62
29
74
49
105
245
46
62
35
37
24
25
24
160
41
22
52
25
28
43
54
73
22
24
47
41
152
67
87
72
61
98
26
184
35
97
48
23
39
61
24
49
28
75
39
112
64
23
44
25
80
82
41
141
22
110
27
52
76
66
86
212
47
100
72
49
55
76
35
146
44
94
35
22
153
21
26
30
83
30
39
193
112
77
45
40
207
106
49
56
40
27
78
25
72
187
52
68
79
65
220
65
131
83
176
103
436
246
25
71
24
105
93
28
29
154
25
24
36
63
155
89
40
33
31
68
54
55
27
144
136
28
157
50
35
26
39
65
45
27
113
27
23
30
33
167
24
107
60
40
22
64
42
107
63
25
38
85
53
41
47
35
23
28
30
32
584
51
93
62
23
27
60
28
31
35
38
49
21
47
27
52
23
70
31
98
119
158
81
210
62
25
60
33
28
25
59
37
64
94
39
32
23
59
42
22
88
29
37
29
36
45
53
35
85
54
33
26
36
36
4
24
23
59
68
81
22
69
57
24
44
66
44
33
107
35
25
78
20
27
43
70
44
71
37
59
44
25
386
23
85
28
45
61
34
24
24
66
71
41
128
35
36
29
36
38
88
73
23
30
31
56
36
25
101
27
30
129
68
36
73
45
65
26
25
37
28
67
33
25
83
24
49
93
66
78
48
51
59
141
28
33
36
49
68
69
52
79
22
93
36
35
54
57
29
33
61
37
22
37
92
52
53
57
30
23
56
41
29
86
117
22
129
88
58
115
41
116
73
49
54
85
25
23
34
49
135
271
41
118
26
56
25
31
28
30
55
24
25
261
33
42
27
108
31
142
30
41
38
278
90
118
52
53
33
24
48
24
30
46
54
24
32
30
24
31
26
117
51
59
98
44
48
29
82
22
173
35
27
27
181
37
73
58
85
78
67
22
72
25
22
44
73
47
26
32
25
53
22
33
37
26
57
32
36
35
26
62
36
21
53
26
93
37
67
64
126
24
40
44
51
62
25
33
51
671
15
48
26
35
24
98
158
35
22
29
71
44
41
25
41
96
76
65
66
41
46
34
29
29
82
29
98
38
24
31
147
27
49
23
23
27
62
37
73
37
108
109
62
39
43
163
24
42
22
59
35
86
66
22
60
22
30
25
692
30
24
30
85
27
129
75
26
55
25
32
408
78
51
95
29
132
26
26
35
43
27
26
27
2
57
29
31
42
57
86
127
23
26
185
117
23
25
23
106
104
77
23
56
74
57
29
22
27
29
26
41
25
32
22
45
119
28
46
209
30
24
54
26
71
24
74
167
152
42
83
36
26
36
51
69
49
42
97
234
35
85
98
35
72
50
291
68
49
76
24
122
28
65
128
27
8
89
4
21
62
30
25
55
35
25
97
23
28
23
111
37
36
33
43
29
57
46
113
80
30
39
65
25
27
55
27
24
90
58
64
29
34
36
116
23
26
181
21
27
43
28
32
67
68
95
37
393
7
25
22
46
37
67
75
42
66
76
25
258
135
75
89
98
25
80
106
29
165
86
25
34
81
23
46
131
124
87
39
60
32
269
79
117
98
7
34
56
90
47
191
37
27
356
24
21
95
49
41
65
39
75
105
31
45
24
86
31
25
81
52
107
60
87
23
25
27
71
40
40
24
43
104
99
40
55
24
38
52
25
46
27
55
70
31
27
90
96
21
100
72
37
30
32
44
28
21
42
175
24
71
117
89
69
65
19
33
27
35
39
28
80
40
27
57
138
51
24
38
24
53
32
34
94
97
36
86
25
24
67
22
51
34
330
23
29
29
62
731
76
161
58
57
34
28
209
167
36
94
25
22
33
23
21
25
70
64
26
96
5
31
40
26
36
22
48
31
43
40
32
30
71
59
24
25
42
112
46
23
59
43
35
30
26
399
62
24
44
49
23
86
23
24
96
20
50
72
22
27
257
27
37
49
29
69
36
109
24
160
77
24
52
27
90
49
44
23
66
24
35
49
24
54
207
51
132
48
35
42
31
35
22
54
34
89
260
39
255
35
27
22
63
24
55
31
23
51
32
24
26
28
44
31
27
26
55
284
55
84
35
46
58
80
37
50
40
34
23
27
27
45
44
91
67
23
61
33
40
50
361
85
22
80
24
94
46
37
53
115
176
22
120
25
27
24
30
39
67
55
25
27
139
27
27
25
70
150
43
36
68
58
33
56
37
111
144
94
35
73
74
32
73
102
30
40
68
34
72
171
39
28
149
71
126
45
57
37
59
93
29
34
41
53
28
44
44
112
39
140
234
27
59
24
43
52
30
32
78
82
64
30
27
28
21
31
26
60
212
76
40
77
62
46
143
23
91
138
33
25
59
31
62
44
29
91
56
64
33
34
60
46
68
53
40
24
30
29
23
21
51
47
51
48
94
23
33
80
59
34
29
47
250
29
86
100
279
81
22
77
29
51
48
57
27
22
60
205
27
65
57
47
123
137
60
28
25
45
81
73
161
22
3
25
112
116
11
73
31
79
91
40
39
50
34
133
149
23
54
89
34
24
81
24
26
69
40
39
26
30
57
38
53
67
29
31
38
62
38
23
344
24
51
101
190
68
110
33
21
23
65
113
25
22
29
80
46
31
42
45
73
71
39
77
66
22
167
28
27
26
236
22
84
23
36
53
47
46
26
45
21
24
23
83
35
32
61
30
23
130
156
26
54
32
33
70
91
24
28
45
102
27
30
39
72
68
156
67
127
173
24
43
28
23
26
154
31
25
88
47
22
26
58
32
49
35
33
39
54
30
43
51
70
26
28
26
27
24
27
27
59
31
23
48
90
66
23
25
24
106
47
23
43
28
166
22
44
31
32
40
21
29
24
46
39
27
108
88
26
25
61
164
277
93
24
42
24
28
23
58
43
38
58
36
53
32
28
125
32
127
24
62
43
28
27
115
237
38
39
27
53
82
26
48
76
31
27
48
88
55
47
83
36
48
24
41
28
311
78
22
145
95
104
125
183
45
38
26
112
22
41
83
155
46
22
115
39
29
51
46
34
23
161
156
53
87
29
197
56
60
34
36
197
166
168
59
42
120
62
32
89
51
33
68
238
102
242
33
150
59
45
88
72
26
138
93
119
55
34
29
36
127
40
93
103
67
32
49
31
36
25
23
80
49
132
25
21
23
35
58
75
204
72
78
38
39
69
27
86
82
101
511
24
96
97
54
109
40
1229
178
494
46
25
49
71
39
66
147
31
140
31
87
42
26
35
37
92
30
327
39
70
25
52
40
136
130
36
51
75
94
67
41
54
56
67
27
40
28
511
52
564
92
91
123
38
64
105
23
42
36
201
122
70
32
48
31
26
73
31
35
40
42
53
272
36
49
75
30
74
52
27
96
307
58
107
22
43
115
168
35
44
103
37
27
27
27
56
75
35
34
31
21
64
138
36
43
296
39
97
66
34
154
163
187
34
106
53
124
82
32
37
56
127
52
31
54
85
142
41
132
39
41
23
21
22
41
81
32
85
84
35
94
39
65
48
40
26
229
51
56
25
30
155
122
421
62
126
61
22
105
29
31
81
105
121
32
54
27
129
23
61
30
58
28
45
27
35
34
22
72
160
108
79
61
36
36
65
42
215
132
26
111
91
31
81
29
102
51
27
29
32
46
148
91
28
79
54
203
38
265
26
53
70
105
58
39
58
47
11
71
79
45
24
42
27
191
70
49
52
24
37
39
85
91
39
19
122
21
56
130
36
29
66
104
40
48
117
39
37
24
60
60
57
38
95
93
68
46
43
42
36
223
43
39
110
102
24
20
197
37
53
30
28
47
65
91
39
52
32
31
47
22
176
66
185
149
87
28
76
150
58
627
61
128
87
151
59
135
227
90
46
79
190
129
34
127
77
37
77
64
28
122
106
153
141
75
177
49
26
32
114
117
41
25
46
32
52
51
67
101
93
434
55
96
58
23
179
45
24
334
103
31
42
28
157
57
59
47
141
44
35
34
88
82
47
24
25
46
37
27
31
36
58
90
79
97
86
83
206
43
60
28
32
119
25
64
33
82
44
37
60
35
44
97
38
35
100
22
47
60
52
68
87
35
39
190
49
136
36
205
83
104
83
76
93
384
27
113
111
90
143
40
53
536
75
390
49
22
146
133
238
31
44
121
104
85
43
89
28
96
46
170
74
62
34
47
107
29
30
48
114
37
86
39
32
37
154
131
555
81
113
30
71
268
59
38
137
30
94
45
76
86
29
103
36
36
32
48
86
55
34
220
63
65
44
43
148
94
111
27
114
39
91
164
73
100
200
26
50
48
106
34
232
110
51
117
32
22
49
55
55
35
50
32
29
81
36
66
32
130
134
82
72
61
69
126
239
71
230
145
172
32
162
106
243
46
108
172
117
109
172
62
72
23
173
45
33
70
193
81
74
28
219
50
48
63
21
35
156
104
91
103
38
35
28
57
42
40
251
33
50
46
80
28
95
70
23
93
48
59
108
33
37
31
146
44
33
43
46
105
37
33
107
36
44
135
48
64
34
80
48
124
333
27
138
218
24
46
140
150
118
34
113
31
114
34
178
184
45
40
137
25
51
96
28
36
99
75
60
80
95
71
78
41
40
84
24
27
134
132
269
71
52
50
29
139
135
22
160
24
88
50
22
85
204
135
61
23
41
36
119
88
76
312
134
120
83
139
145
74
47
146
44
99
59
54
71
46
35
31
25
30
28
79
56
73
58
49
34
70
65
33
54
60
57
28
47
29
82
39
23
38
80
60
79
73
25
55
4
116
36
105
530
107
110
66
37
43
32
49
46
40
99
63
44
169
42
25
121
46
48
29
46
82
94
38
29
83
54
50
147
37
147
47
40
46
42
94
85
114
117
35
111
32
35
84
28
24
30
107
65
50
95
39
35
43
65
28
68
28
91
72
139
25
46
40
73
60
88
137
38
255
111
236
194
210
286
139
97
230
319
34
125
29
38
39
141
64
25
21
36
179
93
89
60
91
30
88
207
363
198
29
49
123
24
178
58
27
45
94
36
51
39
125
116
260
91
41
51
39
27
39
241
162
172
50
45
110
84
48
142
150
87
143
186
38
43
164
103
61
61
41
36
256
68
617
57
69
25
57
43
333
60
83
224
39
48
153
139
190
105
139
36
57
221
42
96
56
98
23
132
102
107
272
81
80
83
37
107
110
22
54
123
153
120
23
97
57
66
49
77
52
55
96
131
32
63
106
38
37
24
112
50
131
88
73
89
49
31
31
73
69
26
131
92
97
111
120
49
53
210
68
87
87
96
26
114
35
46
45
71
124
61
56
49
27
27
73
47
26
180
41
43
208
69
126
130
23
72
54
39
38
270
52
96
55
82
66
39
73
134
59
29
226
26
59
64
84
34
79
74
42
130
82
33
48
27
76
55
127
198
55
79
31
85
30
85
145
353
33
230
50
143
141
58
156
143
25
63
114
104
65
45
134
32
53
98
117
122
189
116
46
104
113
91
45
358
61
43
88
246
29
64
191
152
70
22
393
23
23
74
47
33
621
63
266
26
161
111
150
91
112
103
76
64
39
131
29
38
41
54
32
156
107
26
26
215
27
25
28
28
54
43
36
124
4
34
66
106
75
280
34
71
32
101
145
278
80
126
68
27
46
183
93
60
71
31
200
49
52
29
50
89
61
120
137
112
65
558
38
74
68
17
116
29
27
149
28
78
124
185
127
26
62
40
67
25
83
82
28
45
312
45
52
97
47
27
135
612
50
55
111
36
70
60
114
25
183
64
82
94
25
260
58
44
31
48
143
33
99
111
67
26
33
65
57
26
184
102
122
43
198
79
131
106
42
84
40
32
96
28
88
96
38
104
95
70
42
83
56
84
236
33
217
87
47
23
100
36
59
131
55
216
46
111
41
41
53
78
116
26
38
96
51
90
117
60
50
85
55
174
30
57
154
327
32
34
48
86
52
104
72
30
38
229
52
126
45
152
3
59
81
109
171
35
95
39
63
64
26
29
556
98
28
37
53
47
148
44
151
113
73
443
122
229
80
90
151
69
53
152
142
72
71
97
35
205
160
159
55
64
109
43
38
93
22
187
69
84
121
45
25
44
92
47
88
216
103
214
106
112
87
126
176
275
314
32
331
34
69
135
214
23
57
56
86
132
205
83
26
100
36
140
38
54
29
267
103
86
67
45
38
64
105
46
30
69
69
23
65
34
135
45
151
130
44
47
178
71
50
69
209
112
27
53
56
34
55
71
35
68
99
75
124
678
120
259
157
194
157
86
56
50
124
38
50
146
37
258
144
144
38
267
30
51
47
107
25
243
212
112
251
125
174
77
39
144
27
35
64
85
96
64
102
350
156
51
103
89
216
43
235
82
100
51
39
110
88
34
164
108
49
72
329
29
166
221
34
72
31
66
59
42
51
67
29
39
37
33
63
84
49
75
46
102
79
83
137
67
67
59
48
106
64
139
38
48
44
41
80
23
28
36
26
132
197
34
75
24
69
101
33
66
7
194
149
73
33
63
45
32
45
31
48
317
37
59
342
134
48
63
56
35
202
64
44
116
68
72
127
133
78
105
67
72
60
156
26
164
74
50
171
60
80
69
42
65
32
42
128
47
41
51
73
37
259
59
57
26
30
64
25
159
151
48
447
66
68
109
35
38
35
72
55
25
99
239
223
77
27
110
44
92
268
47
59
29
97
32
43
344
32
41
114
64
41
31
81
53
44
34
55
26
24
208
71
40
74
24
67
89
25
51
133
46
25
52
35
63
38
27
46
63
94
77
29
74
116
55
184
260
171
32
57
43
27
63
65
22
30
103
48
39
30
142
96
92
25
34
70
94
45
49
88
58
90
81
176
51
65
40
41
92
34
79
53
64
43
54
236
110
38
237
62
85
86
98
54
40
98
72
107
34
24
83
65
61
50
36
98
140
30
37
153
50
81
36
86
110
33
66
424
234
102
47
55
96
92
85
110
383
35
145
51
55
41
341
93
201
32
155
35
220
290
69
63
117
23
44
316
376
34
28
34
202
173
198
31
45
95
39
54
162
305
52
157
43
62
32
96
63
167
91
98
179
135
166
185
101
117
52
32
61
37
251
104
212
31
42
48
41
81
69
28
56
156
47
61
105
57
225
61
61
48
89
30
103
73
58
58
114
69
30
146
101
52
155
65
24
40
124
52
22
170
87
94
56
52
67
132
46
129
93
60
62
672
36
126
82
46
89
229
89
106
27
32
59
56
33
66
148
128
40
43
49
256
44
48
112
93
42
127
129
90
36
29
98
42
46
39
122
70
25
58
31
30
52
26
33
39
92
37
96
62
98
50
32
151
55
247
39
53
28
71
84
63
211
85
64
109
77
316
354
31
46
81
63
71
146
89
42
118
183
28
59
134
36
98
68
52
223
107
50
47
48
68
33
77
33
102
106
81
156
21
80
217
64
111
89
105
28
95
28
174
36
47
57
104
166
56
46
90
64
181
46
63
124
25
80
28
156
51
47
47
51
34
53
52
75
85
65
33
57
63
351
23
27
181
127
238
85
79
166
157
65
115
90
87
54
90
100
65
128
22
156
132
154
104
88
92
96
131
95
102
71
30
34
34
131
96
68
119
97
133
125
48
35
45
42
76
45
23
44
41
65
42
49
91
41
127
381
41
80
67
63
30
113
58
129
89
38
55
131
71
32
71
115
61
119
92
81
83
39
51
82
76
95
135
221
38
41
59
269
57
48
76
54
273
24
53
35
283
68
365
85
141
26
95
86
51
76
33
32
185
92
33
111
82
110
66
118
64
34
47
166
107
33
115
40
30
32
62
93
52
108
146
49
22
120
68
98
45
58
127
32
39
59
31
29
94
254
38
175
26
74
143
46
224
40
104
29
37
25
84
45
128
45
104
34
74
68
66
23
76
56
44
43
34
68
64
92
42
178
59
35
30
149
29
73
135
78
40
82
57
217
92
112
241
62
27
125
59
38
71
71
53
121
63
44
64
29
107
59
45
56
142
380
133
133
54
28
23
43
219
150
76
56
46
53
31
31
262
99
36
139
109
75
198
30
39
44
60
47
46
40
43
70
51
101
99
17
195
141
40
51
31
49
66
54
280
49
39
121
211
106
142
48
79
79
464
213
57
35
124
30
98
151
111
115
76
140
71
36
132
26
39
25
47
154
76
52
168
269
184
107
102
79
92
113
95
97
86
89
256
66
27
75
77
135
36
32
38
52
64
402
300
66
35
295
58
19
92
19
31
42
138
47
35
67
56
43
131
181
5
41
25
54
44
244
94
70
130
81
59
189
48
43
72
182
186
31
118
121
40
46
42
32
36
151
60
27
27
23
45
43
45
31
22
33
146
65
135
134
183
167
78
65
76
33
32
17
31
28
48
67
47
50
53
148
64
18
72
192
36
23
32
51
52
27
30
18
89
79
50
57
45
119
61
23
31
52
57
121
72
54
36
118
48
69
65
59
121
145
46
134
70
46
71
164
116
41
24
73
19
59
71
69
79
71
28
132
52
56
19
30
474
36
58
41
45
27
117
29
47
42
58
64
121
69
193
333
80
61
104
96
82
27
295
174
100
42
91
160
143
17
179
138
19
15
117
58
250
82
38
110
64
24
56
30
27
156
57
133
62
53
62
69
73
51
133
58
40
68
126
102
69
19
203
52
481
44
135
110
22
27
25
27
262
29
53
78
105
146
221
71
59
165
36
74
89
93
109
184
116
145
41
716
351
132
91
38
23
212
123
64
251
271
430
164
27
116
85
123
112
20
131
32
312
89
49
104
53
119
258
176
60
15
112
106
63
92
122
102
76
55
110
70
71
105
34
151
20
74
56
45
107
87
21
86
46
62
85
71
133
58
186
276
27
120
38
152
57
139
98
37
67
70
153
85
50
109
154
60
218
439
190
110
27
49
30
19
42
219
37
40
100
123
74
95
109
134
146
122
31
29
66
316
168
169
67
29
63
47
39
60
58
21
45
211
95
94
35
46
52
167
33
58
50
47
120
29
23
152
22
99
19
82
79
81
22
68
35
41
316
50
18
19
42
130
21
34
85
19
88
72
70
136
112
31
131
112
86
133
136
50
29
83
183
28
91
97
29
82
81
129
85
300
103
104
116
32
28
93
41
71
78
158
133
28
70
94
37
207
45
71
52
49
67
37
239
21
77
50
44
179
64
54
158
84
105
109
53
25
55
41
72
71
141
131
143
51
137
137
54
37
30
57
93
33
20
96
61
74
41
6
100
55
218
144
212
52
17
78
59
19
66
65
49
49
100
17
45
25
853
60
91
90
31
63
82
63
26
38
64
65
40
35
192
130
248
176
25
78
25
43
145
23
107
33
113
40
187
128
33
31
125
73
200
28
34
29
92
58
174
180
67
47
57
73
56
155
129
122
198
60
41
130
21
107
103
77
69
185
107
137
60
101
106
88
64
76
82
32
73
52
156
118
98
64
79
42
75
111
46
100
66
69
501
225
48
75
32
134
159
42
86
42
117
223
113
54
85
101
179
111
34
68
43
107
131
44
132
40
64
63
113
41
210
42
252
28
84
158
294
94
37
136
81
82
56
132
41
73
100
99
87
30
296
95
60
36
70
137
24
76
36
149
172
233
49
102
203
322
43
29
3
134
31
51
96
122
47
29
38
100
54
176
44
86
172
85
59
97
27
23
82
20
36
50
24
143
79
34
58
127
83
43
43
98
32
52
89
125
48
47
132
111
204
273
114
65
89
177
47
115
38
190
30
190
107
261
65
180
324
127
60
98
106
193
121
145
121
119
197
59
111
160
273
106
49
67
88
168
196
123
92
198
107
76
93
126
50
86
144
165
101
45
87
403
66
65
64
167
187
46
64
135
199
298
80
84
79
48
87
69
66
147
77
90
147
70
82
45
124
71
14
34
171
238
85
70
286
123
92
120
52
69
102
53
65
24
205
56
61
98
122
80
116
118
72
108
78
277
262
92
105
81
53
53
104
98
