6.732489585876465
6.756298542022705
6.777594089508057
6.744524955749512
6.817753791809082
6.943254470825195
7.0147705078125
7.183224678039551
7.188570976257324
7.304006099700928
7.319548606872559
7.467012405395508
7.716328144073486
7.736595153808594
7.883910655975342
7.939493179321289
8.094440460205078
8.275137901306152
8.19894790649414
8.323662757873535
8.255948066711426
8.718358039855957
8.603302001953125
8.59298038482666
8.717864990234375
8.5784912109375
8.771839141845703
8.985368728637695
9.135171890258789
9.169942855834961
9.285560607910156
9.404207229614258
9.681940078735352
9.418551445007324
9.63725471496582
9.981855392456055
10.260649681091309
10.265575408935547
10.329828262329102
10.808013916015625
10.831466674804688
11.178129196166992
10.761427879333496
10.112945556640625
10.461149215698242
10.425973892211914
10.160172462463379
10.282256126403809
10.266287803649902
10.375412940979004
10.850302696228027
10.657187461853027
10.664127349853516
10.715483665466309
10.628671646118164
10.638497352600098
10.71390151977539
10.898244857788086
10.864218711853027
10.995308876037598
11.077998161315918
11.063494682312012
11.216840744018555
11.361299514770508
11.570647239685059
11.404741287231445
11.269757270812988
11.441634178161621
11.518336296081543
11.496551513671875
11.605008125305176
11.747827529907227
11.573360443115234
12.05253791809082
12.12082290649414
12.363405227661133
13.468013763427734
12.509591102600098
12.420137405395508
12.796207427978516
12.738638877868652
12.544332504272461
12.60072135925293
12.685737609863281
13.135686874389648
12.680702209472656
12.84458065032959
12.762109756469727
12.785930633544922
12.906026840209961
13.280254364013672
13.173074722290039
13.30730152130127
13.30329418182373
13.215840339660645
13.251818656921387
14.060306549072266
14.289891242980957
13.895049095153809
14.144185066223145
13.90939998626709
14.023518562316895
13.866528511047363
14.054923057556152
14.461661338806152
14.33146858215332
14.45145320892334
15.134076118469238
15.517221450805664
15.287145614624023
16.06587028503418
15.585443496704102
15.76009464263916
15.3324556350708
15.573492050170898
16.126941680908203
15.95490837097168
16.20351219177246
15.859230041503906
15.947136878967285
16.943017959594727
16.074533462524414
15.895523071289062
16.279043197631836
17.084684371948242
18.014137268066406
17.52858543395996
17.354028701782227
