7.656307220458984
6.683065414428711
5.92594051361084
5.555765151977539
5.3456315994262695
5.177509784698486
5.053738117218018
4.996993064880371
5.0089030265808105
4.949402332305908
4.890671730041504
4.824746131896973
4.801467418670654
4.733577728271484
4.67013692855835
4.656293869018555
4.653657913208008
4.60203218460083
4.5550079345703125
4.449316501617432
4.49831485748291
4.448758125305176
4.451926231384277
4.396090507507324
4.407970428466797
4.403571128845215
4.372976779937744
4.371766090393066
4.329473972320557
4.345641613006592
4.354666709899902
4.351530075073242
4.318836212158203
4.280827045440674
4.283593654632568
4.319112300872803
4.2552595138549805
4.286564826965332
4.264788627624512
4.28920316696167
4.222719192504883
4.2488884925842285
4.293463706970215
4.262698173522949
4.280269622802734
4.239068508148193
4.2109904289245605
4.242811679840088
4.226043224334717
4.212985515594482
4.1995391845703125
4.230586528778076
4.162299633026123
4.138078689575195
4.142191410064697
4.181278228759766
4.193831920623779
4.203336238861084
4.168888568878174
4.1420698165893555
4.145694255828857
4.137208938598633
4.1054368019104
4.14588737487793
4.145923614501953
4.165112495422363
4.140835762023926
4.168072700500488
4.160731792449951
4.1721086502075195
4.293320655822754
4.276181221008301
4.2536516189575195
4.29075288772583
4.2427544593811035
4.341082572937012
4.3673014640808105
4.296058177947998
4.4259233474731445
4.305979251861572
4.314853191375732
4.246034145355225
4.187938213348389
4.121249675750732
4.1593337059021
4.141454696655273
4.125830173492432
4.156976222991943
4.143105983734131
4.078037738800049
4.097506046295166
4.112896919250488
4.124246597290039
4.1407999992370605
4.179172992706299
4.175314903259277
4.128231048583984
4.12449836730957
4.114702224731445
4.083143711090088
4.109285354614258
4.10072660446167
4.095770835876465
4.087493896484375
4.096060276031494
4.06770658493042
4.07155179977417
4.043815612792969
4.089600563049316
4.073654651641846
4.058698654174805
4.066568851470947
4.059969425201416
4.088899612426758
4.0384674072265625
4.087487697601318
4.075065612792969
4.09183406829834
4.05716609954834
4.044464588165283
4.057064056396484
4.044986724853516
4.024082660675049
4.038848400115967
4.029139995574951
4.0320611000061035
4.059543609619141
4.074585437774658
