6.299225330352783
6.081603050231934
5.974205493927002
5.874779224395752
5.789055347442627
5.711406707763672
5.62503719329834
5.597283363342285
5.561720371246338
5.462887287139893
5.430929183959961
5.369591236114502
5.354581356048584
5.301014423370361
5.281790733337402
5.237682342529297
5.204960346221924
5.198666572570801
5.105654239654541
5.095170021057129
5.058004379272461
5.05056619644165
5.011019229888916
4.993892669677734
4.972537994384766
4.974029064178467
4.956664085388184
4.938909530639648
4.945253372192383
4.950877666473389
4.947910308837891
4.98096227645874
4.986608982086182
4.97661018371582
4.945973873138428
4.965219974517822
4.973811149597168
4.954323768615723
4.9708428382873535
4.992834568023682
5.003873348236084
5.038749694824219
5.029374599456787
5.049727439880371
5.259682655334473
5.096965789794922
5.056931495666504
5.050447463989258
5.036282539367676
5.06212854385376
5.022300720214844
4.998356819152832
5.045614719390869
5.0265092849731445
4.996034622192383
5.35802698135376
5.087396144866943
4.992034912109375
5.042840957641602
4.974879264831543
5.018117427825928
5.036646842956543
5.032171249389648
5.017485618591309
5.026925086975098
5.020893096923828
5.023155689239502
4.975321292877197
4.992157459259033
4.986148357391357
4.963462829589844
4.965229034423828
5.030462741851807
4.947400093078613
4.975593090057373
5.076292037963867
5.000829696655273
5.018521785736084
4.9674296379089355
4.95986795425415
4.9523396492004395
5.010545253753662
4.930126190185547
4.892293930053711
4.9389567375183105
5.038202285766602
4.991334915161133
4.9416704177856445
4.976871967315674
4.990993499755859
4.891139030456543
4.926198959350586
4.887934684753418
4.911786079406738
4.978001117706299
4.970189571380615
5.035846710205078
5.015869617462158
5.053687572479248
5.010072231292725
4.985780239105225
4.961629867553711
5.034418106079102
5.041158199310303
4.941494941711426
4.939845085144043
4.887939453125
4.933473587036133
4.963560104370117
4.941429138183594
4.9255805015563965
4.939931392669678
4.886870861053467
4.90697717666626
4.850492477416992
4.8885273933410645
4.8585405349731445
4.896841049194336
4.897277355194092
4.865512847900391
4.894149303436279
11.590600967407227
6.939671516418457
5.093904972076416
5.005327224731445
5.0183563232421875
5.004659175872803
5.041703701019287
