6.382721900939941
5.538520812988281
4.822184085845947
4.370455741882324
4.075153350830078
3.8564796447753906
3.7012083530426025
3.571887731552124
3.518808126449585
3.45078444480896
3.3918566703796387
3.348965883255005
3.3180344104766846
3.3088645935058594
3.2926628589630127
3.24008846282959
3.217780113220215
3.1953325271606445
3.1793341636657715
3.1344494819641113
3.1542415618896484
3.1077260971069336
3.119398593902588
3.111518144607544
3.0922746658325195
3.103599786758423
3.0645670890808105
3.0812997817993164
3.04549503326416
3.0430383682250977
3.0537002086639404
3.039517879486084
3.036142110824585
3.0270750522613525
3.01181697845459
3.0052061080932617
2.984388589859009
2.993185520172119
2.989821434020996
2.9787423610687256
2.96171498298645
2.953923463821411
2.9672186374664307
2.9577252864837646
2.950725793838501
2.9594855308532715
2.9599390029907227
2.9495999813079834
2.953026294708252
2.9227077960968018
2.932011604309082
2.938605308532715
2.932954788208008
2.926297903060913
2.9143056869506836
2.903249740600586
2.9021084308624268
2.902486562728882
2.8946900367736816
2.8967301845550537
2.9063169956207275
2.9147634506225586
2.8880534172058105
2.88600492477417
2.864607810974121
2.8954930305480957
2.8886561393737793
2.8818607330322266
2.885838747024536
2.8672139644622803
2.8769373893737793
2.8864216804504395
2.866295099258423
2.8951425552368164
2.8860301971435547
2.903406858444214
2.8901097774505615
2.887739658355713
2.876237392425537
2.8953864574432373
2.8773860931396484
2.8916819095611572
2.8778305053710938
2.870958089828491
2.8790805339813232
2.8683817386627197
2.8630168437957764
2.8601365089416504
2.856619119644165
2.8505308628082275
2.885561943054199
2.875232696533203
2.8532984256744385
2.8649072647094727
2.8676812648773193
2.8514139652252197
2.8442952632904053
2.8421120643615723
2.8479745388031006
2.8436992168426514
2.849367618560791
2.871654748916626
2.8583266735076904
2.865349531173706
2.8771557807922363
2.8463492393493652
2.8417489528656006
2.8227598667144775
2.8257200717926025
2.8325438499450684
2.826564311981201
2.8354990482330322
2.8277344703674316
2.841904878616333
2.8328816890716553
2.8556292057037354
2.854574680328369
2.8739023208618164
2.852447509765625
2.8337180614471436
2.8597023487091064
2.840745449066162
2.8393869400024414
2.84653377532959
2.8472630977630615
2.843545436859131
2.8420052528381348
2.858567476272583
