21.1871395111084
15.337234497070312
13.178546905517578
13.046500205993652
12.516207695007324
12.011237144470215
12.121651649475098
12.0128755569458
12.000237464904785
12.307784080505371
12.213937759399414
11.9744873046875
12.062034606933594
11.916234016418457
11.789538383483887
12.071486473083496
11.607884407043457
12.057551383972168
11.653867721557617
11.738500595092773
11.84592056274414
11.559809684753418
11.953766822814941
11.843637466430664
11.933917999267578
11.906277656555176
11.56633186340332
11.642767906188965
11.392026901245117
11.525309562683105
11.667511940002441
11.589313507080078
11.470161437988281
11.280452728271484
11.428401947021484
11.265453338623047
10.93818473815918
11.093596458435059
11.125514030456543
11.111710548400879
11.152551651000977
11.204022407531738
11.053576469421387
11.235248565673828
11.0330228805542
10.963152885437012
10.753365516662598
10.928152084350586
11.039271354675293
11.092123031616211
11.241223335266113
11.237060546875
10.948953628540039
11.144079208374023
10.949862480163574
10.943325996398926
10.818808555603027
10.655630111694336
10.787550926208496
11.00698184967041
10.890693664550781
10.936020851135254
10.751758575439453
10.861512184143066
10.705384254455566
10.859295845031738
10.852334976196289
10.640040397644043
11.03818416595459
10.877673149108887
11.026483535766602
10.885139465332031
10.84376049041748
10.95486831665039
10.705516815185547
10.71529769897461
10.59040355682373
10.895000457763672
11.06633472442627
10.736701965332031
10.707883834838867
10.58615779876709
10.693235397338867
10.655600547790527
10.789226531982422
11.02026081085205
10.874117851257324
10.793185234069824
11.010766983032227
10.548623085021973
10.639039993286133
10.967925071716309
10.986737251281738
11.002915382385254
11.1287260055542
10.93060302734375
10.763187408447266
10.755610466003418
10.941828727722168
10.898804664611816
11.069246292114258
11.035355567932129
10.917160987854004
10.761425018310547
11.089284896850586
10.411579132080078
10.682796478271484
10.88560962677002
10.86389446258545
11.079632759094238
10.66716194152832
10.627164840698242
10.695899963378906
10.727009773254395
10.478310585021973
10.756172180175781
10.584233283996582
10.564069747924805
10.575203895568848
10.588942527770996
11.242457389831543
10.613158226013184
10.538918495178223
10.730518341064453
10.405125617980957
10.327619552612305
10.322688102722168
10.5798921585083
