6.505800247192383
5.724855899810791
4.788890838623047
3.892258644104004
3.1796865463256836
2.6332900524139404
2.2126851081848145
1.8572771549224854
1.6164284944534302
1.4031927585601807
1.2254279851913452
1.0832319259643555
0.9801983833312988
0.8825174570083618
0.8162844777107239
0.7418582439422607
0.6969490647315979
0.6425395011901855
0.6117753386497498
0.5617022514343262
0.5443212985992432
0.515518844127655
0.4896257519721985
0.4700761139392853
0.4523943364620209
0.44602617621421814
0.42138221859931946
0.4260343909263611
0.39731961488723755
0.3924810588359833
0.38698095083236694
0.38548707962036133
0.3781771659851074
0.35354286432266235
0.35937681794166565
0.3599942624568939
0.3508133292198181
0.3515910804271698
0.3334504961967468
0.3252354562282562
0.32611989974975586
0.3154987096786499
0.3228590488433838
0.3254457116127014
0.31480300426483154
0.31442034244537354
0.3026968836784363
0.3072168827056885
0.3063909411430359
0.28700271248817444
0.30165964365005493
0.30790358781814575
0.29989099502563477
0.2888700067996979
0.2866218686103821
0.2845369279384613
0.2826777398586273
0.28468507528305054
0.27950236201286316
0.2751433551311493
0.2775125205516815
0.28967103362083435
0.2819879353046417
0.283479779958725
0.2786559760570526
0.27109667658805847
0.27491888403892517
0.2678925096988678
0.271152138710022
0.2681939899921417
0.2731398642063141
0.27125051617622375
0.2736336886882782
0.27025657892227173
0.25601616501808167
0.2670905590057373
0.26351168751716614
0.26849400997161865
0.2695326805114746
0.26489436626434326
0.25813984870910645
0.2595125436782837
0.2553175985813141
0.24804076552391052
0.25899219512939453
0.25588327646255493
0.2562316358089447
0.2430146038532257
0.26081106066703796
0.2503167688846588
0.25439825654029846
0.2647043764591217
0.260001540184021
0.2506044805049896
0.25028079748153687
0.255193293094635
0.25258463621139526
0.25552210211753845
0.2506444454193115
0.24559350311756134
0.2507304251194
0.25624698400497437
0.24792879819869995
0.24604512751102448
0.24497397243976593
0.24756450951099396
0.2501150667667389
0.24905352294445038
0.2445668876171112
0.24568571150302887
0.2403203248977661
0.244142547249794
0.24749167263507843
0.2506159842014313
0.2367997169494629
0.24694085121154785
0.24591268599033356
0.23914340138435364
0.24425625801086426
0.24499671161174774
0.2443743646144867
0.23974457383155823
0.2412256896495819
0.24386075139045715
0.24148371815681458
0.24032118916511536
0.2283180058002472
0.23837827146053314
