0.8104097138393808
0.6759302873292511
0.4537243532560214
0.7308717948717949
0.8336574974529962
0.5819924683327627
0.5853416969296797
0.34832192896709024
0.8380795723244577
0.4539835164835165
0.8416743189470463
0.6105330218730092
0.28058877644894203
0.7638090477380655
0.7041469816272966
0.7044494158588118
0.7553450608930988
0.6821360457724094
0.3097184377838329
0.7018065401326321
0.594383775351014
0.49842105263157893
0.6672300866258187
0.7656684161778327
0.7585060401196941
0.7625336581613027
0.6285061969993477
0.6260858456821666
0.7006375772066149
0.7741235995663173
0.8192377969198643
0.7477265600501725
0.7957409821816601
0.6340137697789588
0.5816461684011353
0.7629105502164959
0.7804016064257028
0.6925734024179621
0.8060596496765031
0.771611305962451
0.667144906743185
0.7485331098072087
0.5642548596112311
0.8033110946380034
0.7739467220857736
0.5841871054537928
0.7
0.6184428492545555
0.7478770900814147
0.7653811659192825
0.6432628947966371
0.7991008710311885
0.8664943358929522
0.8082080820808208
0.8571611745095525
0.70743961352657
0.6351518908865468
0.7669172932330827
0.7948891904115785
0.7908866995073892
0.732731137088204
0.6538325679971742
0.6673485444531865
0.7707338902147971
0.7820018507094386
0.7692307692307693
0.8814940990388125
0.7440022188323395
0.5107235446617959
0.7463786531130877
0.6261990407673861
0.6225801203839271
0.767437488249671
0.8419232485497545
0.7780010045203415
0.7341063574570172
0.7614325068870523
0.5904866593384631
0.7222102773597076
0.7056252375522615
0.8026891300826179
0.6840379008746356
0.572164211128594
0.7816729963969228
0.7677436097054625
0.7688706015891033
0.894908793901443
0.5884124734231042
0.878620919943234
0.6521950626292108
0.556745182012848
0.6301314730346123
0.7261836851112379
0.5625933671945026
0.6955376510691045
0.6034169392948019
0.7600952690267403
0.6607629427792916
0.7583110431792128
0.7471621142249024
0.8409439166411278
0.7586500585542425
0.7612134561473769
0.7753103291196902
0.7052363888567795
0.8945114830673414
0.8369608493696085
0.4903546981953951
0.511973959544292
0.7028840494408476
0.8570642201834863
0.7490120943599569
0.8364061282783692
0.7803513135395617
0.6073563815960489
0.76893879487585
0.6822173016721387
0.6652239774940489
0.6976811176724759
0.7862189003788267
0.7162323058605635
0.7428297362110312
0.7786301369863013
0.8291000841042894
0.8807353273562872
0.6519374575118967
0.779950495049505
0.838928911240995
0.8410447115800398
0.8893626829549384
0.7413888888888889
0.7524226320725227
0.8281765018607123
0.779636005902607
0.4240890688259109
0.6893871449925262
0.7146035069353572
0.775
0.6594710229482692
0.6259966175404688
0.6456637168141592
0.7951294277929155
0.5322636902685735
0.7331499312242091
0.7312158469945356
0.7716378162450066
0.7532542667052358
0.7297484421878606
0.8440698374473209
0.6873367009231841
0.6385805277525023
0.9004962131104727
0.7262552463858231
0.7034246575342465
0.8879161692532166
0.7894885961184304
0.7659293496203368
0.8082516761217122
0.7526214739329493
0.9104859335038363
0.8046009927453226
0.6976424361493124
0.7425590671985272
0.4970501474926254
0.7868870224871308
0.8854409419845456
0.7829290410337791
0.5598397596394592
0.4175824175824176
0.4012509020928554
0.6415568110483365
0.79019014693172
0.6297527529607313
0.7638234654685122
0.8107136096914632
0.8287193575655114
0.6170212765957447
0.7946304417584769
0.7381984585741811
0.5911602209944752
0.5762652705061082
0.7394275950448527
0.514174163978951
0.15011286681715574
0.5904728048346961
0.7660775650466373
0.5844961240310077
0.7973752865839197
0.49382190029825307
0.7724708537044002
0.7996592503507717
0.778126088470916
0.7635927505330491
0.8698864660299153
0.41615255187885586
0.6156387665198237
0.6296101159114857
0.7466725171859002
0.11538461538461539
0.6183544303797468
0.6258426966292134
0.5559687616214206
0.6905937612910996
0.610752688172043
0.3396871945259042
0.6762302208311598
0.5373551180002792
0.8333186036235086
0.7037660747091243
0.7402671755725191
0.6098203592814371
0.6814285714285714
0.8159956768440962
0.6290760869565217
0.8011783878651122
0.743001217179621
0.6700014712373106
0.605028927458834
0.7293778327152863
0.7427864798021434
0.7911968482543132
0.7174978017836955
0.8272558037669733
0.662960217445021
0.7015316013958899
0.8840026709911285
0.9159380273048013
0.7806666098371835
0.7032030895047705
0.7296195652173914
0.782929249964554
0.6678700361010831
0.733126365413361
0.7913821023727382
0.7809251559251559
0.9186409337801918
0.7114219114219115
0.7575706022456618
0.4244553759662684
0.6902394106813996
0.7097694125315733
0.7315591201847126
0.7580282594733462
0.7847113884555382
0.7892967217708041
0.7783468738961498
0.6619314641744548
0.8048901207681647
0.774511777733038
0.5746176105828855
0.6969498910675381
0.7861454440931303
0.6128925619834711
0.8804283164782868
0.6538692261547691
0.7466315172817809
0.818632150846916
0.8393299516338327
0.7493762129193235
0.3880597014925373
0.8203087313072841
0.7925344874222342
0.41922825376062783
None
0.7189797794117647
0.8099981206540124
0.752073856034252
0.8061224489795918
0.4343293954134816
0.7453976205385097
0.803579766536965
0.6348389982110912
0.7665415297982168
0.8838536711925971
0.6489247311827957
0.6857314870559904
0.6475195822454308
0.8539081210537774
0.6865743877649791
0.6013574660633484
0.7737009326637286
0.7347553324968632
0.7788901906486314
0.818168433451119
0.6842966194111232
0.7563388477845208
0.641473604253703
0.8041053822531113
0.8657764317180616
0.4537177541729894
0.7244179750947483
0.8163071817966343
0.6982071713147411
0.7432384129631836
0.826911124922312
0.8084012001714531
0.5762237762237762
0.7209429824561403
0.5584541062801932
0.6376104846083511
0.5587044534412956
0.6928994082840236
0.9203864090606263
0.650091407678245
0.7010174418604651
0.6610071942446043
0.7488030095759234
0.515916149068323
0.6428385755133871
0.781465805301849
0.8029637760702525
0.8387443946188341
0.5310519645120405
0.7061661390019599
0.4722222222222222
0.7701529557668458
0.6527849185946872
0.8541413439833304
0.8088347296268088
0.8332801531589024
0.8616223585548739
0.8298041291688725
0.8455251328156926
0.7067883628066173
0.44395604395604393
0.8503389225829469
0.9230540701128936
0.6333836858006042
0.9272676214546476
0.9043712172158709
0.7592523596621957
0.7676450817835536
0.6924040066777963
0.7473321858864027
0.8167886155441608
0.686902966314731
0.7935878962536023
0.8436353631694791
0.5875283749499266
0.7924528301886793
0.6853957149103629
0.715939447907391
0.8534421575585521
0.8270351256866989
0.8733617799451386
0.8784291619691845
0.8369800906761286
0.7827658933413679
0.8354806739345887
0.7458617332035054
0.769582406721028
0.7003916449086162
0.7009857612267251
0.7750994617364849
0.2988826815642458
0.7979245283018868
0.5298924731182796
0.5859221392056626
0.6322714681440443
0.5048715677590788
0.7401105912377711
0.5324532453245324
0.755827444362409
0.6758131647911207
0.704212916246216
0.6927055466381309
0.29213483146067415
0.7490631864581987
0.6352386564525634
0.7900065316786414
0.8054375531011045
0.3299492385786802
0.6180764276513525
0.6615384615384615
0.7447010869565217
0.7681665735047513
0.5566801619433198
0.4855144855144855
0.8573759030529015
0.4584368958851146
0.5224577793747754
0.6917264828107291
0.6294516676088185
0.69
0.6868696954568148
0.8282644152355368
0.7414015477214101
0.6670174976976714
0.6412878787878787
0.820067153861347
0.6716934487021013
0.7484821428571429
0.7629846378931968
0.8675118071091226
0.6432593574031136
0.46782027929568915
0.2032967032967033
0.6361267911419887
0.5060911938739993
0.6405672009864365
0.6378273177636234
0.4083333333333333
0.6872863421780889
0.7242087957254418
0.6206443129520053
0.8724693290250921
0.7429185387771049
0.8381099922540666
0.8592586323628978
0.7486203090507726
0.7781155015197568
0.7382593159775396
0.7958154776909503
0.7815459822792545
0.8455593126768339
0.6286234633480042
0.561960542540074
0.5489096573208723
0.6896239238785682
0.7158717105263158
0.5520129694677114
0.8298017771701982
0.4988814317673378
0.7652582159624414
0.7822277847309136
0.46139550599763474
0.8732973893303064
0.8765352294764059
0.6982972533584324
0.7149640067391637
0.6899567812307059
0.7844337560122431
0.5212705615428247
0.8733790066063127
0.7473584608105976
0.6125290023201856
0.7618048268625394
0.8335524256651017
0.5273945605045329
0.8572646449884301
0.6696363636363636
0.5693266832917706
0.7840112201963534
0.765369373031196
0.6551890587288818
0.6432475669910679
0.7749841538136488
0.8013829279923701
0.8951173708920188
0.8132566956096368
0.7571504707763368
0.8228472020875616
0.7911443919908839
0.46896162528216706
0.747316344628022
0.733472248531919
0.8229774573749857
0.5507692307692308
0.6686509938452225
0.7416875903522788
0.8477645241568694
0.5518052057094879
0.9023573200992556
0.7885362694300518
0.7451559328289352
0.7102122015915119
0.47390180878552973
0.8291814946619217
0.6274809160305344
0.9117771211481638
0.5197865718096932
0.8870296842503309
0.7822465492622561
0.7874682472480948
0.5424286759326994
0.7496823379923762
0.8145023233064319
0.5601399889482409
0.7400590774823904
0.6281785158277114
0.4628846153846154
0.7148936170212766
0.30726256983240224
0.724938541382136
0.7508650519031141
0.8713220338983051
0.7982193149813754
0.7293788187372708
0.49411764705882355
0.741143755289566
0.77768033326025
0.8307709828037809
0.8041249845621835
0.7409212771143066
0.7235872235872236
0.6794884407279882
0.8293460925039873
0.5988824585910996
0.7457652525858193
0.7725504955463556
0.6172631578947368
0.6895861148197597
0.773921200750469
0.7281394715336421
0.654391639711371
0.8011611030478955
0.8309116809116809
0.7660540049920581
0.8357562408223201
0.5045486354093772
0.8698814655172413
0.658312447786132
0.7984273110855389
0.7139592123769339
0.6157993730407524
0.8332333533293341
0.706229800512649
0.5683952633728052
0.6919055345231657
0.7920643833052592
0.6361592806679512
0.4205128205128205
0.676056338028169
0.7535695399259651
0.7689075630252101
0.7186684073107049
0.5690326445043427
0.8401593978304184
0.7800252844500632
0.5575815738963532
0.759906304899473
0.6668063704945516
0.47171824973319104
0.6351648351648351
0.728298017771702
0.738692098092643
0.8042121035544827
0.5044904334244436
0.6103074141048824
0.7138469413872537
0.7501192179303767
0.8516096579476862
0.6573759347382733
0.6568733153638814
0.759838216003498
0.6591794636717855
0.5505654281098546
0.7169200099676053
0.6647087616250612
0.7413889928865594
0.7114658925979681
0.7495501979129183
0.5441278665740097
0.7483417483417484
0.8273442847364819
0.7393483709273183
0.6986649713922441
0.8418826017979905
0.7282229965156795
0.8683430767998719
0.9488179230102736
0.7222222222222222
0.6798828125
0.761182856073367
0.7270882290108951
0.3359375
0.6892430278884463
0.7706952771641948
0.6658760747109398
0.5300338409475466
0.6404671717171717
0.7324829320876751
0.7623979636618976
0.7489839050560885
0.6613790870831985
0.7044392523364486
0.8747500882041632
0.8124331391893498
0.859533925582593
0.49408014571949
0.5338827838827839
0.7089285714285715
0.7934571175950487
0.6635572139303483
0.8011130946130421
0.7393326039387309
0.8159535583745431
0.8067702686423323
0.7296222664015904
0.6983198036624504
0.714700488997555
0.7100585636494401
0.7904284060208414
0.6846068042387061
0.8031017050809699
0.6822019297036527
0.788961038961039
0.7808641975308642
0.7455483870967742
0.8136296296296296
0.8285068360426311
0.8100303951367781
0.37025238912031366
0.4774247491638796
0.7055462985003571
0.7780651228400141
0.7750314201927105
0.5972012102874432
0.7589571337172105
0.6272202486678508
0.8750951293759512
0.8943967424980083
0.7922229869236064
0.8097445038621509
0.5650543682039745
0.7408464098906324
0.7804534241747915
0.8938423489124231
0.8463630183548606
0.839095277159264
0.7399548532731377
0.7628758169934641
0.7211632933778739
0.6011183597390494
0.8043426953032806
0.8755926845789117
0.7729664103601781
0.9290523045054376
0.6724016853932584
0.9314232656851041
0.7436440677966102
0.8473956746877855
0.7046149569085349
0.9158001350438892
0.8866082603254067
0.8223455933379598
0.6313435263500325
0.8570297656744775
0.6507936507936508
0.5264227642276422
0.5737855178735105
0.7906655142610198
0.8275207354851604
0.7816032123735871
0.7046089385474861
0.5730684896169225
0.6218164344065353
0.7341227125941873
0.6224264705882353
0.7020968452868207
0.5740987983978638
0.7782595230721585
0.6871210283773951
0.7540013917884482
0.7405882352941177
0.8262706890480104
0.8186157517899761
0.8806739821310787
0.8605144855144855
0.6327951883507439
0.724183809231399
0.7810734463276836
0.8496986699916874
0.6638686131386862
0.8560739894003949
0.4157303370786517
0.7602809893165521
0.857653232108965
0.7057142857142857
0.807927640329875
0.7361004355623879
0.5361766945925361
0.7833819241982507
0.5941333333333333
0.8398665554628857
0.5409874243129948
0.592948717948718
0.3876478318002628
0.6801142449125313
0.8180943214629451
0.7187211236370357
0.7558386411889597
0.9270212060967529
0.5926993275696446
0.7029207516339869
0.7411077235772358
0.8643762781186094
0.7002081887578071
0.6767463666197844
0.8389168062534896
0.7069685645196746
0.7620615423578574
0.4351274787535411
0.664795918367347
0.6852100840336135
0.6403339755940912
0.7861189801699717
0.49404466501240696
0.8186918271069744
0.6488888888888888
0.0
0.9396539081976829
0.5603342344556402
0.5753459119496855
0.42793857058476076
0.7270545890821836
0.6079160288650777
0.7782591571484837
0.7626886145404664
0.7655942219304005
0.7488958990536277
0.5933654360620653
0.6902946630949928
0.6447255941186527
0.88795960233549
0.4342175066312997
0.5282962962962963
0.7816286277824739
0.7894238059135709
0.7633617350890782
0.6378016960208741
0.5277053455019557
0.8015397775876818
0.7556304950018066
0.7906104817018502
0.848780487804878
0.40509915014164305
0.7092979127134725
0.7124981812891023
0.8704542671727684
0.6639327865573115
0.830976817627216
0.8568107856810786
0.6495425756509501
0.7133371276797572
0.4952978056426332
0.5223285486443381
0.594311377245509
0.7608828522920204
0.8197619047619048
0.6074911004488469
0.744179014212277
0.6674940643211742
0.7072905331882481
0.4646821392532795
0.685980341438179
0.7261330761812922
0.05480868665977249
0.7250814332247557
0.7154658100045893
0.8040345821325648
0.684166942696257
0.7399008674101611
0.8293376676147908
0.8100759696121551
0.7634155895025461
0.8740196078431373
0.7550750563895154
0.7442905952166876
0.6328767123287671
0.30638852672750977
0.7394254366969828
0.7039347408829175
0.7671891327063741
0.738562091503268
0.567741935483871
0.8224294329296103
0.8287492471391287
0.6926339601300721
0.7405931828242586
0.7816653635652854
0.557632398753894
0.5857777777777777
0.6766136162687887
0.7128260608246183
0.6930272108843537
0.8124006359300477
0.7770590771884432
0.7150997150997151
0.7598770351816008
0.8159789288849868
0.8304582679909391
0.2894736842105263
0.8592806150466776
0.7651294359677696
0.6876650320633723
0.8177989582178876
0.6012332990750257
0.6943406300053391
0.053504144687264506
0.636712576202303
0.7578039215686274
0.3168631006346328
0.8495389095615596
0.8353777062805818
0.7401067954063346
0.6346948141349242
0.7713709677419355
0.8359121537309708
0.6495453820386027
0.8184853905784139
0.4547244094488189
0.48869565217391303
0.6338244996701121
0.6088709677419355
0.7338152105593966
0.9521118381915527
0.7282177540692107
0.6318377381684082
0.6454993834771886
0.7217896078153759
0.6956960322797578
0.5521747610688512
0.7195767195767195
0.44868035190615835
0.8497674418604652
0.6724866752435215
0.8383180337577731
0.7522327859406511
0.5662650602409639
0.5763670647391578
0.7870310478654593
0.5304878048780488
0.8222365869424693
0.665854846566001
0.6442545715882776
0.7219955804861465
0.6463306808134395
0.7628585978611441
0.5404742436631235
0.8006112647358463
0.6727734445855251
0.7743152044462088
0.798800799467022
0.7572069186418963
0.7456200227531286
0.6792406005707904
0.36410587475790834
0.8195569962182604
0.7679061642126279
0.8165417981072555
0.8163289489275981
0.9282655997753914
0.7212313706327876
0.7632781267846944
0.7788886003635419
0.8364616893122286
0.8231538625239413
0.4605911330049261
0.7651006711409396
0.8885375494071146
0.9019506121601992
0.6717877094972067
0.6746639441892122
0.6568289530374839
0.762080262080262
0.6904087872268146
0.7347096111015933
0.8793377183034702
0.6896243291592129
0.7708158619863424
0.8146373339141799
0.6403552047360631
0.6176664469347396
0.7306468716861082
0.7934762690122779
0.820165447788035
0.7917990181923188
0.6732490784623486
0.6256138283244942
0.1693034238488784
0.5619047619047619
0.6502519949601008
0.762163385381308
0.8320690375113091
0.804829826295721
0.8668783585735222
0.738003838771593
0.7636319961566178
0.7219846022241232
0.7352053536281328
0.7810140237324703
0.7447890695123167
0.8281059063136457
0.8731350031648432
0.8548734072480556
0.7897454157023323
0.900375939849624
0.8287613122171946
0.803445720637273
0.8251451224692057
0.6124361158432708
0.7359294189230301
0.45760598503740646
0.3568061284619917
0.684925598447272
0.6075718966144885
0.8472158306488725
0.6620664608679862
0.7541877678223607
0.8536096256684492
0.0
0.6375687843921961
0.6018518518518519
0.7657638136511375
0.2721575649059982
0.6914546640574037
0.7655131264916468
0.7577185244587009
0.7470200752823086
0.7092604365331638
0.29454357382984225
0.8442061364313375
0.825422365245374
0.6744524298425736
0.6830601092896175
0.7634961439588689
0.7167839195979899
0.8114177489177489
0.7064476131432114
0.6408135125818684
0.620510774142059
0.8106709781729992
0.6562089595797461
0.7555303460011344
0.8246808510638298
0.7761788120024494
0.6911339121283873
0.4626082393072684
0.8661387631975868
0.715195246179966
0.7736443883984867
0.8075196408529742
0.8820383768480654
0.8501642935377876
0.8477905073649754
0.5414965986394558
0.48934280639431615
0.7005124538195686
0.6808721506442021
0.449438202247191
0.6014328808446455
0.7545382794001578
0.8456924754634678
0.7910322082660866
0.3207825765965301
0.5787103377686796
0.6421725239616614
0.8270397842211733
0.6792193512919187
0.6335779580275525
0.7413934426229508
0.6449294649986691
0.662701072386059
0.5853060223230713
0.4859696528788194
0.3530073074761102
0.0
0.5095095095095095
0.5287433155080213
0.3969658659924147
0.625
0.6491228070175439
0.7592379701100345
0.7230193387398628
0.39276139410187666
0.6542030189724415
0.8489616110761485
0.7243381328379006
0.6758725341426404
0.0
0.6188329576759329
0.6677650707501454
0.6517733763242746
0.6754167465031615
0.23661971830985915
0.3712522045855379
0.39717813051146383
0.48902748902748905
0.6138557637705849
0.7773359840954275
0.7584134615384616
0.4646302250803859
0.8209727492238703
0.5541591861160982
0.6770674784373415
0.6486408328513592
0.678082191780822
0.6360776088096487
0.7805974094633888
0.7910418310970797
0.6117143797301744
0.6828201858261979
0.823161526849256
0.48172757475083056
0.0
0.7954516899107928
0.6441409058231489
0.679671868747499
0.7891508529806402
