0.7957003785830179
0.7314422545588506
0.404125472964726
0.8306044067111381
0.8365468462358299
0.7203252032520325
0.6661844484629295
0.6994198694706308
0.8689839572192514
0.7778712663020614
0.8439138501250303
0.41763005780346824
0.46234309623430964
0.8783954961294863
0.7578443113772455
0.8408192597915918
0.7691867124856816
0.8451255298337137
0.6188509200150206
0.7476054879627233
0.8408817635270541
0.37670454545454546
0.8246876984967182
0.76448
0.7768209544312881
0.7232347616173808
0.6261162158664424
0.6739652493290013
0.6963490650044524
0.8622480781217536
0.8221669719968595
0.8149612786290987
0.7940900562851783
0.7292485265225933
0.651201671891327
0.7831987075928918
0.6510630695015187
0.8194868114121658
0.7771418661116892
0.8959537572254336
0.6543748347872059
0.6366643454038997
0.7805023923444976
0.6159957627118644
0.7689331122166944
0.7439036729737933
0.78696126568467
0.7592079207920792
0.8000181061017563
0.7689867512595634
0.7790481254985376
0.7967269595176572
0.910941883767535
0.8476649369903633
0.8468024387080036
0.8064929517300299
0.7906901567803459
0.8371191135734072
0.9259164644271299
0.7782101167315175
0.7491755221692927
0.7796580901398722
0.6631211567226193
0.879722818016829
0.8196695390939995
0.8115804461319411
0.9075144508670521
0.7002821739663845
0.7764976958525346
0.7270471464019851
0.6752577319587629
0.7146385641363412
0.8483209375704305
0.8803304308997544
0.8635027299454011
0.7760769735403455
0.8261366522733046
0.6236739974126779
0.7929351615152219
0.8012931034482759
0.8171539331287353
0.7919666540356195
0.7065082216388006
0.7964807115923813
0.840703453549127
0.8066313736416829
0.9131418871127458
0.8044701986754967
0.8642833498841443
0.7645707723227103
0.6939384891012242
0.5754416961130742
0.8860803324099723
0.7387387387387387
0.7535200829998517
0.061577393504850274
0.6934108527131783
0.7125279642058165
0.7323920804933464
0.7799742157284056
0.8936697940256659
0.9251986909770921
0.7640108035111411
0.8142752203721841
0.6816488701266451
0.8378575211864406
0.8778610760963312
0.685820895522388
0.6837367473494699
0.7602977030668548
0.9105753529920276
0.8394388152766953
0.8823027718550107
0.8723762217593335
0.5830613986645916
0.7982205274864951
0.8135986989855185
0.6584476638203972
0.7822528883183568
0.8112413243827512
0.7740492170022372
0.8122986545385635
0.8682381384103959
0.7116014480262024
0.8478665695085418
0.7096032897919691
0.6706170294989051
0.826667594073868
0.7596741344195519
0.9219494320263832
0.8297872340425532
0.8456094364351245
0.8749861219051849
0.878682842287695
0.7681022243256034
0.5805196171242243
0.7895752895752896
0.8852708460133901
0.7380418535127056
0.7561647429171039
0.7052837573385519
0.6996379196840027
0.7924603174603174
0.791756016202049
0.7995610826627652
0.8647663241630759
0.5422929560860595
0.8158430973000509
0.8453237410071942
0.8368185880250223
0.8574698293799418
0.9462929725251967
0.5167946257197696
0.7260721921770846
0.913527180783818
0.6764992347293725
0.8836120401337793
0.8587982832618025
0.8282543596970231
0.9134105341800522
0.8378048780487805
0.7697775972377374
0.7909623430962343
0.7838918769824852
0.8737485151875106
0.9029860310137127
0.8694132334581772
0.6427855711422845
0.3702127659574468
0.591728280961183
0.8017241379310345
0.8767858437885271
0.8336933045356372
0.6353096014038606
0.8859665962756768
0.8705769843799809
0.7504492362982929
0.9004592280004965
0.8214629451395573
0.7155624635710123
0.7358662613981763
0.805125836989148
0.7074266460760915
0.31758957654723124
0.5697167755991286
0.8270344827586207
0.6551724137931034
0.8414634146341463
0.7486248624862486
0.6344485749690211
0.7763868876080692
0.7953695458593054
0.806146572104019
0.8551576696953501
0.625291958625292
0.7366652666946661
0.6891891891891891
0.766763081777544
0.48424737456242706
0.657496561210454
0.6724581724581724
0.7245169886742172
0.7880834639971053
0.6522151898734178
0.6668568168853394
0.6658540301691299
0.4009848751319029
0.801370514894832
0.831133725552552
0.7052589878181638
0.6670241286863271
0.7327586206896551
0.8536285362853628
0.8253773969808241
0.7796128760782663
0.7769620695682573
0.6791951935168367
0.7991533396048918
0.7742125652686542
0.8349707747792563
0.8275762393409453
0.7925194071983063
0.8545667708798571
0.7332994665989332
0.7955053894651211
0.9079900744416873
0.9014417575711343
0.7556924074224131
0.6950189695263738
0.8022402987064942
0.6757717795377404
0.767462311557789
0.743733794295592
0.8325421509248649
0.7344193282694244
0.8905932156798064
0.8412006157003592
0.8299890550893835
0.5647985989492119
0.298513986013986
0.7978695765133801
0.732886072804075
0.7710539586485123
0.8556022664960702
0.7789125863622709
0.6944563203648283
0.8063979526551504
0.849205524976633
0.8711669505962522
0.45549028468142794
0.766802200430519
0.630505468519066
0.7604031209362809
0.9108663457978526
0.8281967213114754
0.7688713680829318
0.8846222539739239
0.8985379379884043
0.8694932096720769
0.7510599636583889
0.9108821635544109
0.7515950659293917
0.6048454469507101
None
0.5316210991438829
0.8457633736821554
0.8325153374233129
0.8784493202315251
0.8869412795793163
0.838334268087493
0.8459165448936515
0.7930354796320631
0.8076373555007144
0.93713163064833
0.7040215792054929
0.7050314465408805
0.8034763545255246
0.8181285407306115
0.752324355410716
0.8196680080482898
0.7497305453761587
0.7834645669291339
0.8234232201286246
0.544094144994915
0.5136397608370703
0.9001298312194148
0.7020014825796886
0.9174520069808028
0.8614289701367569
0.6595281306715064
0.7382435568584341
0.8794506612410987
0.6809949814531966
0.8762188515709642
0.9287617694084207
0.9120506443590324
0.27086579123080345
0.6026957637997432
0.6429608127721336
0.48974594429139884
0.7520537714712472
0.7010904425914047
0.8676909569798068
0.7419731465265615
0.5933554817275748
0.8674531575294934
0.8121546961325967
0.7258947368421053
0.7110279101429544
0.5503835555224548
0.8637040714995035
0.9311683006535948
0.756393696719194
0.6313504823151126
0.5392237819983484
0.847098976109215
0.7833515881708653
0.7200213181737432
0.9023010184835911
0.9468210031873847
0.9566118557413292
0.8449523473349806
0.883999422882701
0.8131836499712147
0.41354945968412304
0.8963249516441005
0.9837158126375354
0.7427580225498699
0.9838594486501928
0.9526322912437407
0.7846854192145672
0.8712370907492859
0.8117880138682516
0.654873395768297
0.9328455864858435
0.6196669502856448
0.6994908165120931
0.7242509720210414
0.3214869281045752
0.8410727588775764
0.35241366151497805
0.685214909934011
0.8514199736693624
0.9225487503433123
0.9787827164317795
0.8877690002724054
0.7774968997424402
0.5422917559651379
0.7932261627193521
0.8861528621682123
0.8328225132348843
0.6703470031545742
0.623526936026936
0.8652462645268401
0.599618320610687
0.6360488126649076
0.7536563071297989
0.457201646090535
0.8125290023201857
0.7126736111111112
0.763844840204928
0.4766107678729038
0.8390473999079613
0.7108623403883155
0.8443122903324184
0.7204549836128783
0.5766355140186916
0.8041825095057035
0.8285797438882422
0.8165969316596932
0.6719188767550702
0.7472984206151289
0.615050965083496
0.734192037470726
0.8492351364138149
0.6883012174473918
0.7438118811881188
0.6972573839662447
0.844159113796576
0.5644901897716308
0.5656759348034516
0.7820623916811091
0.4281030444964871
0.88717081420633
0.7720985519775232
0.7057181263571503
0.859662980516061
0.8076632976316186
0.6169296987087518
0.7030291031478915
0.7737931034482759
0.7123123123123123
0.7818758344459279
0.8197385620915033
0.7371153133110864
0.48466833541927407
0.45375722543352603
0.7562051847766134
0.7257289330342839
0.663510101010101
0.7707531610775151
0.10638297872340426
0.7692160611854685
0.6339389253962119
0.74282223579719
0.8776966920577425
0.8249336870026526
0.7606350745364199
0.9303380782918149
0.8108026554013277
0.776694045174538
0.8712243995874466
0.8435661294448709
0.8383745798961197
0.781232334652346
0.8372988103568929
0.7313482770157244
0.8550791455355771
0.7575218087947303
0.7576400149681926
0.1752136752136752
0.8798076923076923
0.36443148688046645
0.797558093737692
0.7768742562475208
0.7990619600098741
0.9148131336056892
0.9475070224719101
0.4979534683326153
0.6831901840490797
0.7296365914786967
0.32771244730419347
0.8495838287752675
0.9013641133263379
0.7821763602251407
0.7051649928263989
0.8297389330306469
0.8726846134848111
0.6665194346289752
0.9613772074704612
0.7319377547239718
0.8105646630236795
0.7461349693251533
0.6545360824742268
0.7823310271420969
0.7698198198198198
0.7250898090376252
0.7843137254901961
0.9145423206023768
0.8196536144578314
0.8506630789928887
0.880547780887645
0.8322383223832238
0.5960365853658537
0.5978860294117647
0.6876574307304786
0.8479865771812081
0.6392919326755658
0.8467705612107017
0.8494010268111808
0.9101973077632307
0.5461267605633803
0.8597823335864339
0.9024221453287197
0.820699413786133
0.8920863309352518
0.6161087866108786
0.7720306513409961
0.7969679524083669
0.9424163407214254
0.7039570102589154
0.8184637839810254
0.8364643545279383
0.8725643896976484
0.7213668794592565
0.8343965975544922
0.8859025713916526
0.5683190049387232
0.5885057471264368
0.8405916187345933
0.6570216049382716
0.9013693560325685
0.7622027534418022
0.7855161787365177
0.8153450807635829
0.88967487416678
0.7417370547190598
0.7809820732657833
0.08808080808080808
0.857653791130186
0.8800827015851137
0.8063024306302431
0.7984718242597899
0.7312508067639086
0.7198183423741642
0.37786037867348127
0.8100296012537002
0.8397202797202797
0.8607364752235187
0.7098650674662669
0.7638366469639979
0.6187542778918549
0.85
0.7644957405880737
0.8535751840168244
0.8744336569579289
0.8933566433566433
0.7227587316916143
0.8259605399792316
0.6413043478260869
0.9010180995475113
0.8635944700460829
0.8391980360065466
0.7752005202688056
0.7886977886977887
0.8321910695742472
0.8250699496362619
0.6840719613865731
0.8106585788561526
0.8455200823892894
0.8177763618986938
0.7900262467191601
0.7033149171270718
0.9039481437831467
0.8177496038034865
0.7722791798107256
0.6899460188933874
0.8669877307648205
0.811965811965812
0.8241333134950156
0.8196618659987477
0.8322907750049384
0.8013333333333333
0.7168615984405458
0.7664163296745619
0.7960907944514501
0.856651770367824
0.7739151282666027
0.7221661621257989
0.8507728894173603
0.7294476966149147
0.8836511299435028
0.8010819808572618
0.7357774968394437
0.8205307262569832
0.7241637543684474
0.7379310344827587
0.7960582690659811
0.7042071197411003
0.8148466917697686
0.795085724763913
0.7410373066424022
0.7729768441155407
0.7300600343053173
0.855728673495739
0.7882693319305628
0.7525983289178724
0.9237652727585614
0.6600660066006601
0.9016596482536537
0.964503294790501
0.8225434228106401
0.8182897862232779
0.8111788617886179
0.778784583786396
0.398576512455516
0.7662954471012119
0.8236161524500908
0.5933092817317153
0.5519513431322859
0.7583359796760877
0.8359847636119202
0.7062170885000849
0.8295284431137725
0.8520959179937763
0.7516393442622951
0.8544288181593881
0.8445945945945946
0.8497695852534562
0.6410432395332876
0.6600728787090058
0.643598615916955
0.8600427350427351
0.769825918762089
0.852606688435987
0.5038058991436727
0.7097611959206942
0.927547877326905
0.734984399375975
0.8340943683409436
0.8477183387455136
0.7780508787022244
0.8444307439375257
0.6583488186886116
0.8184981684981685
0.6041406575114441
0.8656471183013145
0.9008226691042047
0.7893617021276595
0.7087011349306431
0.830802839978154
0.7870975700012335
0.3867504582351401
0.7060398690865813
0.8016462015922278
0.8543018920038669
0.8209826822392268
0.5902668759811617
0.7821117561683599
0.7558536585365854
0.905762189246483
0.8439430818198839
0.8102818979575989
0.6681511470985155
0.6941019660113296
0.6145332050048123
0.5882533197139939
0.8903014664233118
0.609618282270216
0.7351298061123891
0.8118112947658402
0.8142235123367199
0.7173252279635258
0.7153039832285115
0.7259698069940761
0.9039025490638394
0.850059187162962
0.9651890482398957
0.809238949817215
0.9251509054325956
0.6792148426996505
0.8790569998385274
0.710560289181513
0.9428274428274428
0.9094759131815775
0.8285612025769507
0.4976119671983419
0.9251477347340775
0.7048364153627311
0.7316129032258064
0.3852052322958954
0.8776545762074798
0.8940082644628099
0.8836472880805456
0.7108164243489375
0.8814742653028089
0.845675815639565
0.8974115412016148
0.7716123843988741
0.6474496198420314
0.48438818565400843
0.8063778841967784
0.7305374789105809
0.8195230396119644
0.8046352465391197
0.8106964217006541
0.8572636722420598
0.890097546556311
0.7419354838709677
0.7646856750257643
0.6714047751249306
0.6234058514628658
0.8932796115501834
0.6360017691287041
0.9043727915194346
0.5620985010706638
0.8177821894498015
0.8326262626262626
0.8626155878467635
0.848939179632249
0.7662656836114344
0.6476352790796762
0.5480918085750824
0.74645987862441
0.8975272007912958
0.5067254174397031
0.802653399668325
0.4544287548138639
0.3956821142750791
0.8715452261306532
0.7071443896159623
0.8119574758607236
0.9557027352485807
0.4116331096196868
0.8422945679240063
0.7302977232924693
0.8515889393314073
0.8744125326370757
0.6651732377538829
0.7818574514038877
0.8181392078743848
0.8559025346590113
0.21043771043771045
0.8439613526570048
0.5517448135268018
0.6929503916449086
0.8890593047034765
0.7496515193755228
0.7995325022261799
0.795760082730093
0.0
0.9424492198999117
0.47047514419115627
0.7341104635026366
0.5037496767520041
0.810245807489088
0.6888182606183184
0.8206423673763984
0.7374352726165093
0.8731604765241766
0.7958015267175572
0.7848045674132631
0.8727095040312729
0.6897154665395009
0.9432404540763674
0.35207456404088994
0.2957042957042957
0.6210159362549801
0.8749024199843872
0.6452502956247537
0.8258623309527428
0.592898224556139
0.6827380952380953
0.8519524178950091
0.8481585918140647
0.7485816876122082
0.8712814645308925
0.6486384976525822
0.7829216424014396
0.8631804199545272
0.8986691571328508
0.8248144220572641
0.8793993430314406
0.7409378117725307
0.7548497527577025
0.5976591075347476
0.6191210485736315
0.7836134453781513
0.8107108615258184
0.7879023883696781
0.47871351552333147
0.5240459199503568
0.6668561036599228
0.5813221406086044
0.771990171990172
0.6338964275823872
0.6124002900652646
0.08823529411764706
0.3706111833550065
0.7079667644183774
0.8439111463704879
0.6435746449601663
0.6445789418762392
0.7241196248451601
0.8336433147344493
0.7978642257818459
0.8606669145903062
0.5572401491811253
0.7882531838053602
0.5289909638554217
0.7245108135942327
0.6465415186876374
0.8682943603851444
0.6269287677023885
0.532522859517872
0.6821705426356589
0.847795235681703
0.8840707964601769
0.6230987367878319
0.8127046496398166
0.9292991035044825
0.6718146718146718
0.782701548318206
0.5650570087189806
0.7483204777307788
0.6865671641791045
0.8571428571428571
0.8206635867282654
0.8595292331055429
0.573113687207647
0.8342931450863831
0.9240607513988809
0.4089121887287025
0.7197507924363319
0.8086692164362067
0.8534465731779577
0.8085915650520192
0.6024890190336749
0.9137554585152838
0.5316957210776545
0.1776347162613257
0.9542062415196744
0.5068072024593764
0.8749466860018766
0.8069213189683317
0.7872274385039186
0.6993106726883765
0.8002409154788195
0.8881570280595442
0.8447550092608184
0.9302445968681248
0.5590200445434298
0.7453310696095077
0.7474317213730894
0.6516257465162575
0.7327188940092166
0.9664616285881664
0.5471103807176116
0.7646489104116223
0.7735483870967742
0.7522392372146779
0.7883238479897191
0.6763861276783742
0.31297229219143574
0.700045516613564
0.8697310877454173
0.7116551126516465
0.849234205488194
0.8172147001934236
0.731658692185008
0.6298219584569733
0.4080271339739966
0.5523809523809524
0.8691341705221415
0.8086388749372175
0.7020386479845939
0.8041543026706232
0.7974918718067813
0.5934013388587823
0.7448559670781894
0.8704906703524533
0.9141569836376571
0.864044463445917
0.8147143583658247
0.5889504738065439
0.6915618448637316
0.5049164208456244
0.596551724137931
0.8167781780751415
0.8619635977148931
0.7825267127592709
0.769524005769627
0.9629629629629629
0.7616908850726553
0.8465238981998758
0.9107713690062543
0.9096161456272259
0.8559865447282666
0.5734265734265734
0.7675023651844843
0.8694396302715194
0.9184463986599665
0.7886056971514243
0.36439526305571734
0.05574656188605108
0.752681140465603
0.6079683698296837
0.7719498289623717
0.8649372923142887
0.6510835159483808
0.39270437262357416
0.33410732714138286
0.6549350649350649
0.6928104575163399
0.6663568773234201
0.8926654740608229
0.7796350644379226
0.7075850043591979
0.7487001733102253
0.7045005488474204
0.6662323561346363
0.8002035278154681
0.6986332063634326
0.8463078848560701
0.8119850714738399
0.9334770557437635
0.8821178821178821
0.8206106870229007
0.7476688012582856
0.778021978021978
0.878904637401954
0.18306351183063513
0.8068072866730585
0.7388287538162642
0.9253128007699711
0.9130600936275914
0.7073320067350375
0.9439205955334987
0.903415961305925
0.7945500179275726
0.83832651445163
0.7578947368421053
0.7390585050383516
0.716589861751152
0.7222514466070489
0.7543550165380375
0.684727129956812
0.6240745163601624
0.5992275151738091
0.8305231301340251
0.9085931920971198
0.5270541082164328
0.15907207953603977
0.4800977653631285
0.6196925329428989
0.0
0.33205173016427825
0.783472133247918
0.5281120105009844
0.7101270289343684
0.887350936967632
0.15553404323975475
0.8446644989654153
0.9156813335917814
0.32676917543386386
0.7472150814053128
0.3698428290766208
0.6883977900552486
0.797191887675507
0.8406881077038145
0.797282409107602
0.561457360202856
0.5785485772015491
0.7039213007241426
0.7482487794523456
0.8821942446043165
0.6368384401114207
0.6156638013371538
0.6531049250535332
0.9145421903052064
0.7872549019607843
0.8068617206548241
0.9134085213032581
0.4262658227848101
0.8824469299246748
0.9081803005008348
0.608214849921011
0.5158495350803043
0.8485243569989332
0.7983074753173484
0.24585635359116023
0.9162754303599374
0.7902462121212122
0.8464025869037995
0.7611801019309453
0.3839541547277937
0.778839590443686
0.7087912087912088
0.9112930740361651
0.7450074515648286
0.5584415584415584
0.47174502712477395
0.6582354712436014
0.8865636612556229
0.7490253411306043
0.5106007067137809
0.512684124386252
0.21407624633431085
0.455026455026455
0.49353448275862066
0.38716502115655854
0.8362183754993342
0.6080332409972299
0.52773851590106
0.7841047503045067
0.6719787516600265
0.7284979606313177
0.9248646927730022
0.828254132231405
0.885579475081097
0.740909090909091
0.6847781003732891
0.48515595640736564
0.49048034934497814
0.35767077267637176
0.47129909365558914
0.7021072796934866
0.5877697841726619
0.4808148734177215
0.4162962962962963
0.7351598173515982
0.8407150480256137
0.18626465661641542
0.8543072647876141
0.681924882629108
0.6657346212506355
0.9052725647899911
0.8244869072894551
0.1449906658369633
0.8263628497259878
0.7558549222797928
0.7108489120441311
0.7171546546546547
0.7628843176288431
0.8013029315960912
0.7589743589743589
0.7542622740674273
0.8261183261183261
0.5613162878787878
0.6682111200644641
