0.9175314036045876
0.8172713529856387
0.3403722978382706
0.884348009269012
0.8953151533313355
0.7880116959064327
0.7103327495621716
0.7260780287474332
0.9371660611241718
0.717688575209528
0.879084704937776
0.7504860661049902
0.40643033800494643
0.9299152664081574
0.9042867701404287
0.7159588552805785
0.8950706255405015
0.7144295302013423
0.7816037735849056
0.20981688708036622
0.7700404858299595
0.5758620689655173
0.760734885708182
0.8460464304416129
0.8934406819796353
0.8748216370476067
0.863791567695962
0.6362837045720985
0.6521081489884666
0.8803621470144428
0.8950524737631185
0.7752380952380953
0.8611334082517258
0.8477542022595757
0.6917782026768643
0.35129310344827586
0.39059706828745083
0.7495339772919845
0.8902378180608681
0.6381807056903936
0.7234288651844236
0.8210919438022408
0.788329860077404
0.1963803349540789
0.8718985067924104
0.7261205564142195
0.8741918103448276
0.8464713165497317
0.9092609082813892
0.6852300242130751
0.8704954954954955
0.7247149415074782
0.8855596834114037
0.9023610196594865
0.8914685314685314
0.5167906242956953
0.7220791028943779
0.8766954377311961
0.9279088258680095
0.8546419098143236
0.8136928734022063
0.8548675733715104
0.9392821200939282
0.7388038139266108
0.8861390545713522
0.3440725680325305
0.7642062689585439
0.8172478206724783
0.8162883845126836
0.8823845327604726
0.8814729574223246
0.7496026840897051
0.7524165202108963
0.7863887984369912
0.8783157894736842
0.8614514608859567
0.745026525198939
0.6039277711875577
0.8518175503588794
0.8254643096889684
0.7974616604970914
0.7209427851745233
0.7861216730038023
0.9284932106876916
0.8873622636376003
0.7884309472161967
0.6685680854175808
0.08048948638400552
0.8756141711921386
0.8619181505779444
0.6911111111111111
0.7323617091752236
0.5425430210325047
0.43428328370906
0.7284113381674358
0.7911764705882353
0.6835278858625162
0.7603654251581167
0.7310536044362292
0.6078324424566379
0.548752609084584
0.9235795123089487
0.8460295475530932
0.9059596084747863
0.8330186452678782
0.9511460012616527
0.7787988422575977
0.4102091020910209
0.5445852259144155
0.8179316338354577
0.9505624629958556
0.8474509803921568
0.9216488817424353
0.6383688751424386
0.60015333147477
0.8959441489361702
0.8676420551207894
0.6651933701657459
0.8809943582510579
0.7467491610738255
0.9014830508474576
0.6627743539842145
0.9247180737580006
0.6066433566433567
0.9628753263707572
0.8660714285714286
0.9220671548984386
0.8946296026779217
0.9333537144604097
0.6487121475809259
0.8720635457157343
0.7332361516034985
0.7032287096411295
0.8090110982275965
0.7688821752265861
0.5384931647651352
0.837694951097013
0.8820121951219512
0.9029181766164409
0.719526285384171
0.8340318524727578
0.8373622123380391
0.789873417721519
0.8301383159427324
0.8723079855155327
0.8913832948167713
0.8737498188143209
0.10353168843734882
0.7667057444314185
0.8147074805288897
0.7575129533678756
0.8527623936242064
0.08500929525097177
0.888771326544108
0.5712408194820255
0.8780079195857448
0.8984737889847378
0.9
0.8807023301608139
0.9505685773961476
0.895638800395474
0.8677425903369874
0.8013301500682128
0.7656488549618321
0.7755514304433282
0.8841224169500392
0.7723967960566851
0.6330092246322613
0.5986622073578596
0.807115628970775
0.9032496307237814
0.8285025973048257
0.6229477611940298
0.7234081934846989
0.894524959742351
0.7901116427432217
0.7787012987012987
0.927851698746932
0.7672413793103449
0.48577329050022944
0.5717724288840262
0.7342704149933066
0.6978333333333333
0.7987519500780031
0.5194605009633911
0.824361820199778
0.4289827255278311
0.8471220003356268
0.5752715985514744
0.29427830124266013
0.5036592026215183
0.862983645791783
0.8707831325301205
0.822163983526769
0.7472413793103448
0.7705069124423963
0.5938480853735091
0.7762748756218906
0.6090452261306533
0.7096774193548387
0.6658587257617729
0.6521418020679468
0.22985274431057565
0.5787631271878646
0.6177558569667078
0.6647101980924431
0.635264483627204
0.8094168538391149
0.7687097307120436
0.8002572798503099
0.7106900452488688
0.5155172413793103
0.9136712749615975
0.6604322527015793
0.9242212333121425
0.8993210475266731
0.759825327510917
0.7399230301802714
0.7220347562004387
0.9154328732747804
0.8107333060221221
0.8447263017356476
0.9336388525175574
0.8098256735340729
0.7778001004520342
0.9625316455696202
0.9165236851920925
0.8361355993819868
0.856596794081381
0.8678695350451076
0.6178089044522261
0.5904572564612326
0.8092936802973978
0.9005421890884446
0.7436077057793345
0.8926759320538274
0.8727084947069456
0.5318440133254948
0.6359315589353612
0.8288925895087427
0.7319051959890611
0.8781969761198248
0.7152061855670103
0.9044635865309318
0.6461582081088744
0.912452419793366
0.8448496936885597
0.8369731382397904
0.7585895117540687
0.7980556783031374
0.7460052468399714
0.40656
0.6717871862120645
0.9444291103137363
0.6045392022008254
0.8781324820430966
0.8924302788844621
0.8058546026369905
0.7916796997184861
0.7192429022082019
0.8667355371900827
0.9097588244689346
0.7692307692307693
None
0.8470433639947438
0.8872117400419287
0.7251687560270009
0.8826491092176607
0.7296389588581025
0.8475841476655809
0.8838945098689667
0.6699400798934754
0.9006525502730057
0.9206942846183352
0.8425319613345806
0.7006087437742115
0.3907498724706683
0.9202399466785158
0.18759231905465287
0.8189856957087126
0.9229676573426573
0.9002426530062011
0.8601398601398601
0.7968896634937659
0.4254484304932735
0.9120912702454925
0.9184426229508197
0.7940092904052539
0.8999297259311314
0.6480654761904762
0.9324779678589943
0.7517467248908297
0.6143984220907298
0.8224311099665207
0.8465019143752175
0.8490349264705882
0.8643909282207155
0.8644859813084113
0.48226018396846254
0.27130570758405004
0.7723785166240409
0.6054994388327721
0.9190517998244073
0.6189683860232945
0.7357438388199317
0.8939290586630286
0.8855618654276373
0.85592820028342
0.8475052705551651
0.8369666048237476
0.8556923467445108
0.9187322226737099
0.5953956834532375
0.8087814190264079
0.8649453823237339
0.8713328713328713
0.8433284913882548
0.9567538707955152
0.8379931060896209
0.8316865417376491
0.8256893640967924
0.945953237410072
0.9197530864197531
0.8994929913510289
0.8100949525237381
0.7761971548787818
0.8694152245221128
0.7298612362587854
0.9860290940515627
0.6225476651008566
0.6728515625
0.6604390471742176
0.8039742212674543
0.6763512629237011
0.5932672449401074
0.7188054405677115
0.8852916550376779
0.8994688556253018
0.431947428282573
0.49647990613083015
0.7597370983446933
0.5273859896567936
0.9405436013590034
0.8852095170454546
0.8362286562731998
0.854295665634675
0.6680006533812479
0.0759493670886076
0.8887199336466685
0.8813123190736571
0.8971749696233293
0.7910247823174816
0.8826201290939517
0.5435435435435435
0.8259368836291914
0.8070493454179255
0.9128014842300557
0.421978021978022
0.8844836025452766
0.60625
0.8287635799275738
0.7082608695652174
0.8927597322092735
0.8028491030601478
0.5920365535248042
0.8264352469959947
0.7258064516129032
0.7879353233830846
0.7689845795752109
0.7925111645482652
0.646202852385434
0.5467756584922797
0.5905642484589853
0.7965116279069767
0.8701666142722414
0.8263202011735121
0.3030707610146863
0.8036117381489842
0.8983137455288707
0.4609652235628105
0.7757712565838977
0.7636363636363637
0.7971616012853127
0.8996012197982641
0.7893537696768849
0.8419534704864449
0.8558807288790723
0.8500339673913043
0.7975878342947037
0.902729044834308
0.6724445577364262
0.4476306691071792
0.7627401837928154
0.915274949083503
0.7978963185574756
0.5266086956521739
0.3258064516129032
0.8488936859147329
0.5567976920302921
0.6826666666666666
0.8396495905541802
0.13349514563106796
0.7551576488906189
0.5428248587570621
0.810598933835058
0.9044463445917058
0.8999123959702147
0.9322506362865107
0.8968426328098897
0.7861202512713132
0.9360895126114166
0.5895423391554279
0.9152884227511093
0.9294829842931938
0.9596214966772609
0.9368127072787572
0.6314504881450488
0.7995745327457833
0.7266677230232926
0.897370653095844
0.8688881968234194
0.8403427669410306
0.36933461909353904
0.8279877425944842
0.5408479834539814
0.0718501411342058
0.8710359408033826
0.9139028475711892
0.5899557873257001
0.6541085271317829
0.8927185574069847
0.6667412712623098
0.7694665849172287
0.9023739663910376
0.5776419841840402
0.7967773758632029
0.8702723146747352
0.9092871157619359
0.7764423076923077
0.7863397548161121
0.8072538860103627
0.4548949256791389
0.6704012112036336
0.7644710578842315
0.5414809736030168
0.8782299741602068
0.7316585148955091
0.8804014496793978
0.9416920380108866
0.9235294117647059
0.6954287739192062
0.89209142394822
0.7714337999817
0.8173349534224382
0.5744170425103157
0.4886065315551822
0.9078424286230574
0.7327562133482267
0.7355884707766213
0.4843369300382875
0.949021056520133
0.8243217960710945
0.7474226804123711
0.8081555402615279
0.8977469670710572
0.8926329699372316
0.7686002522068096
0.8068695390177765
0.3868481469334208
0.9427244582043344
0.8365493757094211
0.9511077158135982
0.9305343511450381
0.8235019818139426
0.6862505099959201
0.9145897507700924
0.8443894174377689
0.8228015908086611
0.8577953339093939
0.5510543840177581
0.7405383525602105
0.8305209097578871
0.5552447552447553
0.7468553459119497
0.8639455782312925
0.8979151689432063
0.9364745898359343
0.8129803586678053
0.6228160328879754
0.6865739893908908
0.8695652173913043
0.8254047322540473
0.8495420541145214
0.6327830495255427
0.833484514707788
0.7646049843608113
0.9030986924592513
0.912063492063492
0.8904464421758342
0.7864248924010442
0.8696883852691218
0.6852950873722387
0.8871804728041515
0.7699335548172758
0.7475781898699142
0.8411374812914262
0.9198911729141476
0.7432748538011696
0.928100007764578
0.44164567590260284
0.846215997845408
0.4838709677419355
0.8434155929242193
0.8064911206368647
0.5883238541318166
0.8510911424903723
0.9030049889778397
0.8496659242761693
0.7782204515272244
0.7991649269311065
0.2502653927813164
0.5916775032509753
0.8484398216939079
0.21518230723251644
0.7551982256723039
0.9091653027823241
0.7768296685264194
0.9018211533971515
0.7790762381747357
0.7157048249763481
0.8820310790107244
0.66764512374108
0.8911992263056093
0.706989247311828
0.7810249894112664
0.4093279258400927
0.8662727272727273
0.7651074589127687
0.6498146275699359
0.9232311658550558
0.834720861900098
0.8916172734970365
0.8012422360248447
0.8431372549019608
0.8629061925199264
0.7388685175484547
0.7981765437215085
0.5098625224148237
0.5893459204315576
0.5117145899893504
0.500050622658702
0.9038216560509554
0.6895494220334984
0.9270533539960151
0.9530469530469531
0.8986559139784946
0.8331797235023042
0.9323079523366855
0.8832964601769911
0.9002978652986927
0.9123137731833384
0.3662400202762641
0.8446601941747572
0.8066821166473542
0.9327093346825196
0.5985804416403786
0.803582752060875
0.5162184000923468
0.49785831960461285
0.6342451874366768
0.5796957671957672
0.8765822784810127
0.8872824631860776
0.8387593912540936
0.75
0.6316964285714286
0.915610711952972
0.7807804168686379
0.847547974413646
0.7558310569447363
0.25695517774343124
0.7931712549159814
0.8170959313176558
0.8666666666666667
0.9116316827090339
0.8711993888464477
0.8536741214057508
0.9190300041101521
0.7974498327759197
0.5051309911867681
0.8655047681683656
0.7695039276875068
0.9281285878300803
0.8422535211267606
0.8222417668327958
0.5277586865215731
0.8576262011097577
0.7866075030254135
0.8681872037914692
0.864124834388341
0.63690387758134
0.870388417095921
0.551058201058201
0.5365030674846626
0.6944330460949255
0.8495879120879121
0.7604213357238906
0.8270238788584741
0.8018286993842135
0.6906914243830931
0.8331960461285008
0.9220883534136546
0.5773758478210026
0.5200754513608192
0.07851239669421488
0.6698748796920115
0.6914725621792341
0.8774424931981202
0.7278972140948988
0.55776381587383
0.8685813751087903
0.9165432098765433
0.8826117156749248
0.8888888888888888
0.7984790874524715
0.9190710767065446
0.21378439079169007
0.9616294349540079
0.599272005294507
0.8543843406956751
0.11889385659877463
0.9227325484994197
0.8125620303416986
0.7990662386927342
0.06969117245148948
0.9100261878039656
0.859504132231405
0.920013112604491
0.48122436099716
0.8141314131413141
0.665050505050505
0.24240218380345768
0.91808
0.9656345695814903
0.9219100155145664
0.8775906735751295
0.6097946287519748
0.7888245658192802
0.6844618055555556
0.7586530197671693
0.7699037620297463
0.8807733619763695
0.622848200312989
0.8074811953649116
0.6369587109768379
0.8885670941939043
0.6682790416446225
0.95741174979403
0.9161684602099109
0.7966317127422943
0.9062393064902475
0.8074094252247344
0.8983545094771922
0.4825268817204301
0.930558646783886
0.5597560975609757
0.8254042288557214
0.9572289841883744
0.7787945724203219
0.8758782201405152
0.7848065518215194
0.386145648312611
0.8536820770195928
0.35535714285714287
0.6992076689817079
0.802406015037594
0.798581560283688
0.7431059506531205
0.7189905136925004
0.9226854891661195
0.868063872255489
0.8587168486739469
0.9613899613899614
0.7572533849129593
0.8832921302018953
0.02740143096361699
0.7119499265504248
0.7167874396135265
0.8803274061529777
0.6407167442802186
0.9442755825734549
0.8438476840011366
0.5887902330743618
0.9170708050436469
0.90529606472968
0.8611949305974653
0.8265534197586053
0.39166436654706044
0.023185747969609642
0.1157935684647303
0.7995867768595041
0.9702147310090048
0.7681310111775409
0.8250132766861391
0.6760351317440402
0.7803656943839791
0.8925518925518926
0.9236734693877551
0.9308367071524967
0.8585968738640495
0.7069081153588196
0.7863171923589516
0.49536599205598636
0.5896632732967894
0.6571594877764843
0.9277892867712341
0.7775557775557775
0.7987220447284346
0.41540499621498866
0.8597997138769671
0.5593347740298787
0.7833972793861179
0.6420471958320564
0.720718901453958
0.8253121042156686
0.8850837138508372
0.8185279187817259
0.8025544388609716
0.7914516129032259
0.3776030892290719
0.5369790411948928
0.7417557932263814
0.5124694376528117
0.04644305197198673
0.8283835383962664
0.8038237738985868
0.7027566919696364
0.4184549356223176
0.7259664478482859
0.24579560155239327
0.5519226814723421
0.9173399627097576
0.5902444730377822
0.7147766323024055
0.5443951165371809
0.914180164819551
0.5332331956440105
0.107421875
0.8502484031227822
0.8643655809431211
0.524414594300236
0.5664309639002605
0.1842726467984656
0.7079241449373519
0.8376518653908182
0.7352
0.015200727556190724
0.9087831973615692
0.7288813987781757
0.5583766493402639
0.8258105530832803
0.6321237497092347
0.9344010904753791
0.823233382260432
0.604181897938295
0.7509433962264151
0.7903501945525292
0.9140784402629789
0.3222140221402214
0.6103700516351118
0.8375662342408186
0.37491141034727143
0.7409574468085106
0.7586124970301734
0.5824481537683358
0.18709377901578458
0.8459729570840682
0.8814415241593022
0.8254437869822485
0.8921885087153002
0.21881506719666857
0.8690995636652122
0.4638269100743746
0.817190340171384
0.7629137945706749
0.8159605911330049
0.8544673744482882
0.26592469808193225
0.7115689381933439
0.7776928953399541
0.6785834172541121
0.7262455059065228
0.5638925294888598
0.9239706133606698
0.7659514398644833
0.8418562178316453
0.6420532528136151
0.6182937554969217
0.9082294911734164
0.3363075924724205
0.9026699986847297
0.5280665280665281
0.7530434782608696
0.5957501943508681
0.8520446096654275
0.7670786131136286
0.9368917723385431
0.8511244377811095
0.7980332829046899
0.03644314868804665
0.6893793512072286
0.8822521943909227
0.6600320292839167
0.8179611650485437
0.0
0.6989876935291782
0.8667334669338678
0.6132060710373963
0.8551778345450972
0.8929976396538158
0.5560538116591929
0.7817548305353184
0.6202404809619239
0.6177057909917906
0.7017846862406448
0.9596949891067538
0.6629213483146067
0.6571428571428571
0.6801277235161532
0.44515539305301643
0.37654693631150016
0.8872960949085517
0.9138811513463324
0.8336107874146829
0.34578368469294224
0.6791666666666667
0.5580037164852668
0.5811965811965812
0.7997946611909651
0.8727030625832224
0.8556951335374221
0.5794049459041731
0.9067364746945898
0.8379052369077307
0.8809523809523809
0.6808600337268128
0.9147469048738442
0.944814774341602
0.4157303370786517
0.801594746716698
0.8896609227348526
0.9450036318356335
0.7112141652613828
0.8159559273617629
0.8757340850364106
0.6462600690448792
0.6693639250230462
0.8325664381632079
0.9498900590209467
0.7917917917917918
0.5618628067967275
0.5715392561983471
0.7240148108965883
0.7878151260504201
0.5212765957446809
0.8101141282959464
0.7575725026852846
0.495478671122469
0.7399429838454229
0.8990866562708844
0.6408813877168308
0.08603896103896104
0.5209371884346959
0.937007874015748
0.7787201721627951
0.8568955568378535
0.2572205672840306
0.7645021645021645
0.30602250165453343
0.7083333333333334
0.6150052309071887
0.8689138576779026
0.617355107268652
0.9215126242431166
0.945064716925205
0.7945696238333176
0.9492337164750958
0.8603297769156159
0.9167281854421969
0.5388418079096046
0.48948633223190147
0.6817073170731708
0.77479216152019
0.5841013824884793
0.7188343227199137
0.513903017972194
0.7721518987341772
0.9374543684594792
0.4002947989050326
0.8923145665773011
0.6862986692952193
0.19230769230769232
0.7582146768893757
0.7733026467203682
0.8598696461824954
0.8651315789473685
0.8579564489112228
0.8273092369477911
0.9131699675506322
0.8504079782411604
0.836367273454691
0.33231188287368063
0.8955476814050224
0.016198482673774862
0.8035682896818421
0.8508466713059615
0.4177822177822178
0.7586339217191097
0.8448822151811545
0.7079402515723271
0.8435348125478195
0.7719440832249674
0.8099708643573972
0.6007803790412486
0.9154899443731279
0.8736842105263158
0.8935489603696464
0.6705818082491123
0.6903645833333333
0.8890173410404625
0.8375537505972288
0.31865564342199854
0.89867679490321
0.8717142857142857
0.8879135719108711
0.9035333707234997
0.7609970674486803
0.8042622191336576
0.6902481497605573
0.7616136919315404
0.32463768115942027
0.7131960335621663
0.9018409169850643
0.8958055432043871
0.7646050670640835
0.7329545454545454
0.8109497206703911
0.6955503512880562
0.6229796205200281
0.8796325625593918
0.8741721854304636
0.7728848114169216
0.281479217603912
0.8642828118650955
0.5397727272727273
0.6900074757039621
0.343087790110999
0.062122519413287315
0.6951871657754011
0.7155612244897959
0.7834394904458599
0.8289308176100629
0.4291845493562232
0.7288670641880042
0.8
0.5981042654028436
0.7450761798587886
0.7368140649973361
0.782508924018358
0.6513216513216513
0.5145118733509235
0.8174240387200861
0.6402126099706745
0.8486403283735249
0.32480933153880664
0.5093023255813953
0.7127659574468085
0.6233719247467439
0.5854276251704656
0.5796064400715564
0.7473233404710921
0.8643886812600107
0.7736585365853659
0.9138822593476531
0.6381818181818182
0.45454545454545453
0.9149445941898772
0.839622641509434
0.8240850059031877
0.2970789310130516
0.522700119474313
0.22978563369687852
0.7618377046294666
0.7822878228782287
0.7935702199661591
0.5352112676056338
0.8411538461538461
0.8828571428571429
0.5429795044356073
0.7128944292948968
